400.424	199.64
404.669	144.964
408.909	159.441
413.143	248.217
417.374	272.283
421.6	399.904
425.822	477.459
430.039	298.168
434.253	175.469
438.461	219.566
442.664	190.264
446.866	245.891
451.06	52.293
455.251	127.896
459.437	233.285
463.619	80.0684
467.798	55.3457
471.97	130.307
476.139	271.059
480.303	50.5039
484.464	339.045
488.619	27.0684
492.771	321.924
496.916	656.141
501.057	843.47
505.196	717.62
509.329	834.869
513.458	1104.99
517.583	843.344
521.704	1114.82
525.82	1379.69
529.931	1160.42
534.037	1078.33
538.14	1069.53
542.238	759.302
546.332	613.867
550.422	449.849
554.506	343.107
558.587	325.204
562.663	22.5039
566.734	-10.6006
570.802	-18.2666
574.863	66.4268
578.922	96.2813
582.978	61.9736
587.027	114.622
591.073	-16.0439
595.112	168.34
599.148	40.3115
603.18	29.8604
607.209	133.598
611.231	47.1006
615.25	228.088
619.265	490.155
623.274	307.394
627.279	234.313
631.281	303.816
635.278	208.397
639.27	80.3545
643.258	166.17
647.243	-12.4561
651.222	-81.6563
655.195	-44.8291
659.166	-28.1943
663.131	-111.134
667.093	-88.3604
671.051	-18.5693
675.001	-130.844
678.949	-41.8096
682.894	-59.1631
686.835	-36.7979
690.769	7.2959
694.7	-55.5957
698.626	-131.767
702.548	-8.62012
706.465	70.918
710.378	-27.127
714.287	80.7764
718.192	-6.125
722.09	147.006
725.986	0.205078
729.879	-11.0332
733.766	217.943
737.647	115.679
741.526	230.28
745.4	161.824
749.268	191.08
753.133	231.812
756.994	91.1455
760.851	109.923
764.701	202.117
768.547	160.754
772.389	29.9736
776.23	63.9023
780.063	28.3955
783.893	96.8145
787.719	14.5654
791.541	13.75
795.356	85.9912
799.168	229.556
802.977	233.146
806.781	16.1787
810.58	230.95
814.375	308.565
818.162	306.716
821.95	188.96
825.732	309.357
829.509	297.916
833.282	162.353
837.05	93.959
840.814	21.0254
844.575	24.5322
848.33	-88.7217
852.079	-150.258
855.825	-135.291
859.568	-138.22
863.307	-174.126
867.04	-211.712
870.769	-181.495
874.493	-57.7012
878.214	7.75781
881.93	88.2715
885.642	156.21
889.35	235.555
893.053	181.227
896.751	464.342
900.445	278.845
904.134	459.063
907.821	266.443
911.503	499.487
912.036	542.616
915.893	737.356
919.749	558.358
923.602	519.135
927.45	412.315
931.291	436.315
935.131	416.974
938.965	244.596
942.797	278.935
946.624	-28.4258
950.447	146.953
954.267	114.512
958.081	91.7305
961.891	77.5068
965.697	307.979
969.498	54.7656
973.298	-69.3232
977.092	35.7471
980.881	-28.9414
984.668	-135.484
988.45	196.727
992.226	-22.0283
996.001	89.1865
999.772	889.909
1003.54	540.697
1007.3	380.82
1011.06	61.3643
1014.81	237.184
1018.56	128.004
1022.31	102.315
1026.05	175.95
1029.78	263.547
1033.52	190.882
1037.24	238.042
1040.97	279.739
1044.69	99.4014
1048.41	303.663
1052.12	88.374
1055.83	107.285
1059.53	403.625
1063.23	170.862
1066.93	279.804
1070.62	247.17
1074.31	213.437
1077.99	269.229
1081.67	101.826
1085.35	-9.37988
1089.02	173.114
1092.69	69.4902
1096.35	24.7227
1100.01	173.755
1103.67	42.9893
1107.32	53.8809
1110.97	72.9189
1114.61	41.4492
1118.25	315.88
1121.88	236.298
1125.52	308.128
1129.14	334.935
1132.76	348.741
1136.38	170.448
1140	280.354
1143.61	234.25
1147.22	289.966
1150.82	269.089
1154.42	374.282
1158.01	439.983
1161.6	356.025
1165.19	419.035
1168.77	457.618
1172.35	500.747
1175.92	582.516
1179.49	357.165
1183.06	389.153
1186.62	432.11
1190.18	345.148
1193.73	422.343
1197.28	618.208
1200.83	617.563
1204.37	650.927
1207.91	574.5
1211.44	557.033
1214.97	535.595
1218.49	486.245
1222.01	400.236
1225.53	407.196
1229.04	497.314
1232.55	422.475
1236.06	431.373
1239.56	393.96
1243.06	475.478
1246.55	466.883
1250.04	423.088
1253.52	480.433
1257	487.937
1260.48	431.431
1263.95	546.974
1267.42	404.585
1270.88	407.886
1274.34	550.767
1277.8	452.998
1281.25	514.837
1284.7	477.906
1288.14	509.693
1291.58	563.03
1295.02	665.948
1298.45	522.854
1301.88	533.931
1305.3	620.224
1308.72	588.389
1312.14	510.763
1315.55	421.597
1318.96	600.268
1322.36	545.339
1325.76	487.04
1329.16	500.312
1332.54	420.389
1335.93	369.749
1339.32	437.309
1342.69	330.784
1346.07	129.162
1349.44	293.128
1352.81	255.974
1356.17	284.149
1359.53	149.523
1362.89	81.6172
1364.21	85.3027
1367.74	41.8662
1371.27	82.623
1374.8	6.62012
1378.32	-8.64551
1381.83	234.65
1385.34	155.694
1388.85	401
1392.36	503.124
1395.86	413.208
1399.35	438.712
1402.85	409.806
1406.34	560.8
1409.82	463.543
1413.3	570.855
1416.78	495.398
1420.26	430.171
1423.73	414.072
1427.19	578.794
1430.66	667.427
1434.12	741.188
1437.57	853.309
1441.02	977.799
1444.47	923.38
1447.91	883.199
1451.36	932.39
1454.79	707.96
1458.23	573.261
1461.65	601.679
1465.08	502.168
1468.5	464.406
1471.92	223.745
1475.33	179.183
1478.74	6.96094
1482.15	63.0762
1485.55	89.9258
1488.95	90.4658
1492.34	74.7021
1495.73	156.168
1499.12	150.385
1502.5	94.1074
1505.88	159.249
1509.26	223.542
1512.63	247.392
1516	195.72
1519.36	215.626
1522.72	311.45
1526.08	253.876
1529.43	452.527
1532.78	475.019
1536.13	519.95
1539.47	476.438
1542.81	405.857
1546.14	450.131
1549.47	564.825
1552.79	533.456
1556.12	495.95
1559.44	397.561
1562.75	357.879
1566.06	414.976
1569.37	490.522
1572.68	363.62
1575.97	332.569
1579.27	262.772
1582.56	399.083
1585.85	485.053
1589.14	421.992
1592.42	380.058
1595.69	455.571
1598.97	507.247
1602.24	705.489
1605.5	751.588
1608.76	696.066
1612.02	569.355
1615.28	631.284
1618.53	657.52
1621.77	691.911
1625.02	621.347
1628.26	883.668
1631.49	727.396
1634.72	831.674
1637.95	803.881
1641.17	809.177
1644.4	934.783
1647.61	958.573
1650.82	953.455
1654.03	962.767
1657.24	992.506
1660.44	955.903
1663.63	960.806
1666.83	867.843
1670.02	895.976
1673.2	721.155
1676.39	529.879
1679.56	568.316
1682.74	524.596
1685.91	470.201
1689.08	317.848
1692.24	246.529
1695.4	228.656
1698.56	252.316
1701.71	78.0098
1704.86	-73.0879
1708	-8.52344
1711.14	54.6299
1714.28	61.915
1717.41	-11.5293
1720.54	-127.572
1723.67	-51.1738
1726.79	-83.1533
1729.91	99.0566
1733.02	-130.392
1736.13	-80.8398
1739.24	-163.508
1742.34	33.3271
1745.44	10.2617
1748.53	22.4492
1751.62	3.1875
1754.71	-8.63574
1757.8	2.56152
1760.88	-9.32715
1763.95	-80.2656
1767.03	-101.606
1770.1	-47.3525
1773.16	-13.8916
1776.22	36.3838
1778.67	23.4502
1781.9	-43.0977
1785.13	-100.277
1788.36	-89.6064
1791.59	-35.2539
1794.81	-185.438
1798.03	-15.9512
1801.24	-160.481
1804.45	3.81836
1807.66	-100.747
1810.87	-271.587
1814.06	-185.217
1817.26	-104.835
1820.46	-173.265
1823.65	-96.0439
1826.83	-69.3643
1830.01	-73.4395
1833.19	-164.497
1836.37	-129.835
1839.54	-205.223
1842.71	-119.51
1845.87	-151.168
1849.03	-73.7559
1852.19	-79.1436
1855.35	-2.58203
1858.5	-57.6416
1861.64	-171.21
1864.79	-76.499
1867.93	-54.4795
1871.06	-86.0283
1874.2	-86.627
1877.33	-33.7969
1880.45	-122.767
1883.58	-84.6426
1886.69	-161.419
1889.81	6.55273
1892.92	-142.784
1896.03	-56.5215
1899.13	-150.734
1902.23	-151.095
1905.33	-241.34
1908.42	-183.362
1911.51	-279.145
1914.6	-140.856
1917.69	-103.34
1920.76	-210.574
1923.84	-136.533
1926.91	-121.148
1929.98	-61.1904
1933.05	-83.9414
1936.11	-179.751
1939.17	-96.1396
1942.22	-103.758
1945.27	-25.9639
1948.32	-215.156
1951.36	-136.769
1954.41	-114.572
1957.44	-174.822
1960.48	-114.229
1963.51	-149.728
1966.53	-199.306
1969.56	-182.974
1972.57	-190.674
1975.59	-145.198
1978.6	-103.701
1981.61	36.1963
1984.62	-85.2656
1987.62	-151.248
1990.62	-35.3389
1993.61	-140.088
1996.6	-77.6377
1999.59	-21.6191
2002.57	-180.243
2005.55	-179.746
2008.53	-47.5703
2011.5	-211.236
2014.47	-44.4834
2017.44	-191.851
2020.4	-131.604
2023.36	-256.192
2026.32	-202.699
2029.27	-220.547
2032.22	-206.626
2035.16	-192.436
2038.1	-177.296
2041.04	-118.644
2043.97	-166.059
2046.9	-183.811
2049.83	-138.194
2052.76	-226.31
2055.68	-152.691
2058.59	-175.503
2061.5	-199.063
2064.41	-163.655
2067.32	-118.845
2070.22	-197.778
2073.12	-98.0313
2076.01	-126.396
2078.91	-247.045
2081.79	-48.9619
2084.68	-86.9287
2087.56	-154.405
2090.44	-140.369
2093.31	-219.063
2096.18	-211.022
2099.05	-141.147
2101.91	-120.21
2104.77	-29.3555
2107.63	-46.8408
2110.48	-173.976
2113.33	-77.707
2116.17	-140.476
2119.02	-89.1563
2121.85	-92.5596
2124.69	-88.0576
2127.52	-31.6973
2130.35	-40.8174
2133.17	-7.96191
2135.99	-73.4141
2138.81	-86.5664
2141.62	-72.3105
2144.43	-65.3281
2147.24	-90.7832
2150.04	-65.4102
2152.84	-24.3477
2155.64	-75.6982
2157.47	-165.462
2160.44	-176.931
2163.4	-397.416
2166.37	-209.814
2169.32	-25.3818
2172.28	-256.411
2175.24	-265.126
2178.18	-148.204
2181.13	-123.855
2184.07	-75.3223
2187.01	-131.429
2189.95	-209.657
2192.88	-239.206
2195.81	-180.021
2198.74	-138.516
2201.66	-203.168
2204.58	-349.745
2207.5	-182.949
2210.41	-57.3604
2213.32	-45.0771
2216.23	-235.045
2219.13	-51.5732
2222.03	-139.822
2224.93	-167.432
2227.82	-189.232
2230.71	-100.143
2233.6	-124.123
2236.48	-96.4346
2239.36	-19.1748
2242.24	-30.1045
2245.11	-58.7646
2247.98	-31.7148
2250.84	-79.9443
2253.71	-62.0547
2256.57	-76.4453
2259.42	22.9248
2262.28	-40.3555
2265.13	-127.215
2267.98	13.7646
2270.82	-77.9502
2273.66	9.39648
2276.49	-79.9102
2279.33	-61.9434
2282.16	-118.682
2284.98	-147.685
2287.8	-193.187
2290.63	-53.2754
2293.44	-87.123
2296.26	-141.297
2299.07	-130.524
2301.87	-142.911
2304.68	-193.057
2307.48	-56.3145
2310.27	-141.844
2313.06	-248.564
2315.85	-171.123
2318.64	-153.865
2321.42	-166.087
2324.2	-101.97
2326.98	-230.833
2329.75	-207.188
2332.52	-198.244
2335.29	-159.708
2338.05	-192.046
2340.81	-180.481
2343.57	-202.224
2346.32	-165.398
2349.07	-181.182
2351.82	-125.326
2354.56	-238.99
2357.3	-210.703
2360.04	-180.207
2362.77	-244.731
2365.5	-244.254
2368.23	-168.358
2370.95	-105.402
2373.67	-94.9063
2376.38	-274.63
2379.1	-203.384
2381.81	-179.316
2384.51	-159.703
2387.22	-98.5352
2389.92	-139.722
2392.61	-230.164
2395.3	-238.306
2397.99	-146.088
2400.68	-105.431
2403.36	-127.798
2406.04	-157.256
2408.72	-87.4829
2411.39	-106.002
2414.06	-103.248
2416.73	-144.773
2419.39	-81.147
2422.05	-168.761
2424.71	-64.5142
2427.36	-19.645
2430.01	-146.317
2432.65	-140.855
2435.3	-140.931
2437.94	-107.012
2440.57	-76.0811
2443.21	-112.142
2445.84	-131.12
2448.46	-176.115
2451.08	-178.71
2453.7	-54.9136
2456.32	-2.89941
2458.93	-90.4297
2461.54	-1.16211
2464.15	-66.8145
2466.75	-99.6401
2469.35	-199.195
2471.95	-69.8599
2474.54	-76.7207
2477.13	-85.333
2479.71	-39.731
2482.3	-17.3228
2484.87	-41.8281
2487.45	-41.7964
2490.02	-33.3818
2492.59	-89.6567
2495.16	-63.9019
2497.72	-119.703
2500.28	-70.3545
2502.84	-80.5972
2505.47	-177.569
2508.2	-50.4248
2510.92	-214.547
2513.65	-157.382
2516.37	-188.273
2519.08	-39.5146
2521.79	-239.925
2524.5	-150.535
2527.21	57.7446
2529.91	-139.239
2532.61	-203.918
2535.31	-102.947
2538	-163.208
2540.7	-233.916
2543.38	-189.287
2546.07	-179.196
2548.75	-85.1279
2551.43	-156.739
2554.1	-45.0845
2556.78	-93.0293
2559.44	-167.032
2562.11	-85.0215
2564.77	-15.7446
2567.43	-91.1377
2570.09	-135.48
2572.74	-142.858
2575.39	-91.3647
2578.04	-215.044
2580.68	11.9224
2583.32	-193.86
2585.96	-140.863
2588.59	-154.369
2591.22	-147.814
2593.85	-26.1597
2596.48	-144.985
2599.1	-153.623
2601.72	-185.601
2604.33	-176.881
2606.94	-154.012
2609.55	-16.4517
2612.16	-172.473
2614.76	-267.675
2617.36	-187.089
2619.96	-43.6621
2622.55	-177.688
2625.14	-37.0142
2627.73	-67.3477
2630.31	-108.292
2632.89	-112.14
2635.47	-125.325
2638.05	-137.121
2640.62	-123.218
2643.19	-175.716
2645.75	-134.785
2648.31	-62.5645
2650.87	-84.3628
2653.43	-241.763
2655.98	-141.474
2658.53	-106.331
2661.07	-56.3604
2663.62	-62.3008
2666.16	-14.98
2668.69	-120.041
2671.23	-63.2705
2673.76	-3.02051
2676.28	-148.764
2678.81	-145.734
2681.33	-137.119
2683.85	-152.292
2686.36	-124.841
2688.87	-116.749
2691.38	-60.1167
2693.89	-104.876
2696.39	-104.758
2698.89	-115.58
2701.38	-131.582
2703.87	-99.2729
2706.36	-178.704
2708.85	-120.725
2711.33	-111.613
2713.81	-32.3501
2716.29	-6.18799
2718.76	-182.171
2721.23	-51.1357
2723.7	-81.0493
2726.16	-104.64
2728.62	-41.1108
2731.08	5.12549
2733.54	-37.2632
2735.99	-135.081
2738.43	-165.059
2740.88	-162.308
2743.32	-221.635
2745.76	-129.113
2748.2	-224.392
2750.63	-181.08
2753.06	-32.0474
2755.48	-77.3662
2757.91	-102.774
2760.33	-101.302
2762.74	-124.34
2765.16	-103.088
2767.57	-92.1655
2769.97	-112.967
2772.38	-126.476
2774.78	-151.272
2777.18	-67.6499
2779.57	-66.3828
2781.96	-124.297
2784.35	-134.851
2786.73	-170.083
2789.11	-294.024
2791.49	-5.91602
2793.87	-86.2363
2796.24	-134.637
2798.61	-98.5454
2800.98	-79.21
2803.34	-45.7139
2805.7	-79.5288
2808.06	-41.1621
2810.41	-91.1592
2812.76	-106.755
2815.11	2.82813
2817.45	-0.231445
2819.79	205.521
2822.13	128.161
2824.32	-12.2134
2826.83	84.1694
2829.33	131.929
2831.84	75.7422
2834.34	335.981
2836.84	315.812
2839.33	553.29
2841.82	545.278
2844.31	792.921
2846.8	875.876
2849.28	1066.17
2851.76	972.055
2854.24	1076.44
2856.71	1013.96
2859.18	1252.44
2861.65	1379.84
2864.12	1480.27
2866.58	1753.46
2869.04	1975.25
2871.49	1979.33
2873.95	2067.06
2876.4	2164.54
2878.85	2147.27
2881.29	2145.76
2883.73	2032.09
2886.17	1946.61
2888.6	1980.75
2891.04	2055.92
2893.47	1914.04
2895.89	2119
2898.32	2097.92
2900.74	2153.85
2903.16	2071.67
2905.57	2292.63
2907.98	2222.64
2910.39	2521.63
2912.8	2562.31
2915.2	2760.31
2917.6	2957.82
2919.99	2875.2
2922.39	3147.87
2924.78	3257.51
2927.17	3390.2
2929.55	3430.44
2931.93	3554.69
2934.31	3571.55
2936.69	3576.14
2939.06	3467.73
2941.43	3302.32
2943.8	3096.47
2946.16	2920.27
2948.52	2766.61
2950.88	2389.81
2953.23	2372.3
2955.58	2303.81
2957.93	2262.84
2960.28	2192.98
2962.62	2022.85
2964.96	1967.19
2967.3	1959.64
2969.63	1903.09
2971.96	1803.71
2974.29	1768.94
2976.62	1632.51
2978.94	1558.94
2981.26	1654.18
2983.57	1420.02
2985.88	1329.12
2988.19	1322.87
2990.5	1118.6
2992.8	966.33
2995.1	1047.34
2997.4	921.173
2999.7	814.925
3001.99	757.177
3004.28	570.97
3006.56	608.203
3008.85	551.077
3011.13	418.559
3013.4	373.474
3015.68	391.718
3017.95	330.792
3020.22	208.104
3022.48	204.738
3024.74	157.152
3027	48.9248
3029.26	63.0581
3031.51	103.372
3033.76	188.855
3036.01	168.559
3038.25	111.523
3040.49	71.9272
3042.73	116.692
3044.96	167.297
3047.2	183.081
3049.43	194.55
3051.65	228.824
3053.87	242.098
3056.09	237.211
3058.31	418.134
3060.52	384.163
3062.74	319.377
3064.94	490.798
3067.15	387.267
3069.35	292.709
3071.55	245.411
3073.74	209.137
3075.94	170.85
3078.13	133.247
3080.31	75.1055
3082.5	117.076
3084.68	-14.2544
3086.86	-26.0542
3089.03	-4.00439
3091.2	78.0356
3093.37	-64.6938
3095.54	89.3555
3097.7	83.5059
3099.86	9.10205
3102.02	26.6792
3104.17	64.7373
3106.32	61.085
3108.47	112.794
3110.61	173.423
3112.75	146.804
3114.89	-19.6533
3116.84	82.1411
3119.15	99.8975
3121.46	86.853
3123.76	183.069
3126.07	173.934
3128.37	139.659
3130.66	76.0352
3132.96	99.7104
3135.25	-19.3638
3137.54	86.6519
3139.83	81.3872
3142.11	88.0527
3144.39	68.8096
3146.67	27.2041
3148.95	101.12
3149.19	159.22
