400.424	118.532
404.669	97.0293
408.909	32.7832
413.143	68.0146
417.374	43.4824
421.6	76.21
425.822	298.566
430.039	80.8848
434.253	187.415
438.461	289.075
442.664	287.355
446.866	116.523
451.06	129.465
455.251	200.204
459.437	185.738
463.619	208.723
467.798	-46.167
471.97	114.119
476.139	164.692
480.303	159.55
484.464	250.196
488.619	83.3545
492.771	432.708
496.916	564.293
501.057	404.28
505.196	262.82
509.329	336.712
513.458	526.068
517.583	164.639
521.704	358.628
525.82	447.011
529.931	201.29
534.037	251.664
538.14	315.776
542.238	367.081
546.332	426.606
550.422	457.146
554.506	266.058
558.587	317.107
562.663	319.255
566.734	263.596
570.802	288.573
574.863	290.706
578.922	291.765
582.978	28.9746
587.027	241.189
591.073	200.763
595.112	305.642
599.148	103.979
603.18	144.661
607.209	365.306
611.231	209.352
615.25	122.958
619.265	314.811
623.274	244.93
627.279	98.939
631.281	168.899
635.278	254.586
639.27	161.197
643.258	237.547
647.243	75.3511
651.222	92.4673
655.195	50.9951
659.166	145.99
663.131	206.161
667.093	41.2065
671.051	96.1221
675.001	96.874
678.949	-17.2891
682.894	109.924
686.835	57.4072
690.769	77.5337
694.7	135.238
698.626	3.17627
702.548	123.199
706.465	117.379
710.378	105.151
714.287	194.144
718.192	221.407
722.09	209.456
725.986	53.1704
729.879	-38.1548
733.766	112.831
737.647	47.3667
741.526	173.77
745.4	88.6094
749.268	92.6602
753.133	236.642
756.994	217.706
760.851	123.995
764.701	272.068
768.547	152.365
772.389	36.1255
776.23	143.689
780.063	25.1807
783.893	35.6826
787.719	2.45752
791.541	90.4414
795.356	114.545
799.168	121.258
802.977	150.981
806.781	-17.6802
810.58	104.171
814.375	132.838
818.162	233.727
821.95	180.224
825.732	127.888
829.509	147.538
833.282	30.8096
837.05	30.1763
840.814	153.776
844.575	27.1841
848.33	96.3735
852.079	164.041
855.825	172.543
859.568	92.5796
863.307	65.4487
867.04	71.0967
870.769	117.157
874.493	266.018
878.214	334.512
881.93	197.829
885.642	91.0425
889.35	137.434
893.053	321.201
896.751	208.772
900.445	128.897
904.134	165.397
907.821	214.21
911.503	242.758
912.036	249.507
915.893	245.515
919.749	82.9287
923.602	41.5537
927.45	95.9082
931.291	294.405
935.131	145.286
938.965	113.942
942.797	374.235
946.624	-1.61621
950.447	254.449
954.267	204.292
958.081	236.488
961.891	29.6743
965.697	262.76
969.498	25.7915
973.298	76.0708
977.092	31.7622
980.881	13.1572
984.668	41.9302
988.45	253.472
992.226	207.48
996.001	239.282
999.772	444.981
1003.54	343.013
1007.3	186.959
1011.06	116.481
1014.81	73.8618
1018.56	2.86572
1022.31	54.9805
1026.05	-21.1104
1029.78	66.4321
1033.52	58.6421
1037.24	99.4194
1040.97	9.06104
1044.69	23.4399
1048.41	95.416
1052.12	101.628
1055.83	-2.09961
1059.53	120.82
1063.23	182.343
1066.93	200.663
1070.62	224.309
1074.31	239.666
1077.99	82.001
1081.67	117.115
1085.35	67.5718
1089.02	67.5469
1092.69	129.323
1096.35	111.216
1100.01	256.17
1103.67	229.217
1107.32	239.33
1110.97	90.042
1114.61	172.451
1118.25	89.4609
1121.88	303.873
1125.52	353.768
1129.14	390.801
1132.76	206.969
1136.38	28.3228
1140	137.177
1143.61	148.596
1147.22	72.2378
1150.82	152.875
1154.42	213.176
1158.01	150.704
1161.6	128.81
1165.19	79.2876
1168.77	184.152
1172.35	155.867
1175.92	176.438
1179.49	106.29
1183.06	100.381
1186.62	42.4502
1190.18	44.1724
1193.73	-0.464355
1197.28	106.369
1200.83	165.292
1204.37	246.507
1207.91	193.03
1211.44	94.416
1214.97	67.9121
1218.49	-10.4116
1222.01	76.2256
1225.53	58.3135
1229.04	68.9116
1232.55	92.8994
1236.06	69.6885
1239.56	44.4673
1243.06	104.387
1246.55	28.1274
1250.04	64.9287
1253.52	115.73
1257	169.913
1260.48	108.674
1263.95	175.388
1267.42	81.5112
1270.88	133.346
1274.34	251.321
1277.8	171.245
1281.25	134.512
1284.7	140.348
1288.14	167.075
1291.58	208.941
1295.02	262.439
1298.45	285.837
1301.88	264.846
1305.3	284.726
1308.72	308.056
1312.14	331.476
1315.55	280.208
1318.96	329.918
1322.36	350.281
1325.76	271.943
1329.16	287.996
1332.54	215.89
1335.93	235.605
1339.32	236.907
1342.69	273.174
1346.07	189.379
1349.44	315.095
1352.81	239.492
1356.17	216.562
1359.53	115.077
1362.89	26.7505
1364.21	5.65674
1367.74	45.3403
1371.27	137.461
1374.8	109.755
1378.32	88.6914
1381.83	178.172
1385.34	243.922
1388.85	243.882
1392.36	234.342
1395.86	329.515
1399.35	239.893
1402.85	348.416
1406.34	307.243
1409.82	303.903
1413.3	384.953
1416.78	477.983
1420.26	336.523
1423.73	362.317
1427.19	328.864
1430.66	374.317
1434.12	323.814
1437.57	480.454
1441.02	574.974
1444.47	629.094
1447.91	543.877
1451.36	484.417
1454.79	523.224
1458.23	387.167
1461.65	452.048
1465.08	292.194
1468.5	342.274
1471.92	284.844
1475.33	221.587
1478.74	82.2407
1482.15	116.334
1485.55	41.062
1488.95	-12.0771
1492.34	60.228
1495.73	107.441
1499.12	157.596
1502.5	148.975
1505.88	107.223
1509.26	110.371
1512.63	10.7925
1516	163.654
1519.36	151.41
1522.72	154.635
1526.08	131.47
1529.43	180.679
1532.78	228.089
1536.13	200.127
1539.47	243.66
1542.81	205.954
1546.14	216.979
1549.47	175.496
1552.79	264.587
1556.12	309.673
1559.44	290.432
1562.75	242.987
1566.06	172.17
1569.37	267.794
1572.68	205.278
1575.97	182.899
1579.27	219.247
1582.56	239.748
1585.85	233.549
1589.14	186.11
1592.42	162.625
1595.69	236.774
1598.97	243.568
1602.24	292.687
1605.5	322.849
1608.76	382.071
1612.02	371.443
1615.28	294.655
1618.53	342.981
1621.77	396.931
1625.02	339.656
1628.26	338.166
1631.49	320.869
1634.72	406.702
1637.95	437.416
1641.17	496.503
1644.4	588.286
1647.61	545.566
1650.82	602.627
1654.03	587.828
1657.24	679.198
1660.44	603.022
1663.63	654.61
1666.83	561.634
1670.02	457.453
1673.2	460.553
1676.39	340.272
1679.56	362.547
1682.74	327.918
1685.91	271.934
1689.08	128.219
1692.24	122.998
1695.4	131.247
1698.56	104.396
1701.71	45.6885
1704.86	-10.7651
1708	45.7388
1711.14	50.644
1714.28	8.49854
1717.41	-13.9229
1720.54	67.126
1723.67	1.5752
1726.79	19.4478
1729.91	47.5513
1733.02	0.958008
1736.13	46.9644
1739.24	-14.3389
1742.34	137.862
1745.44	31.0532
1748.53	14.3086
1751.62	-5.74658
1754.71	10.8179
1757.8	-31.8672
1760.88	-79.7676
1763.95	-49.5142
1767.03	2.13477
1770.1	22.7876
1773.16	20.915
1776.22	-40.2681
1778.67	-99.3828
1781.9	-9.8042
1785.13	25.7285
1788.36	-97.9985
1791.59	-45.085
1794.81	-9.57031
1798.03	-32.0059
1801.24	-49.5015
1804.45	20.7437
1807.66	-196.581
1810.87	-95.8359
1814.06	-68.4526
1817.26	-27.7202
1820.46	-149.028
1823.65	-40.1035
1826.83	-85.147
1830.01	-194.15
1833.19	-61.2539
1836.37	-171.327
1839.54	-91.5479
1842.71	-68.3989
1845.87	-98.5181
1849.03	1.4082
1852.19	-58.606
1855.35	-150.379
1858.5	-114.153
1861.64	-75.9761
1864.79	-92.3301
1867.93	-46.3335
1871.06	5.23096
1874.2	-80.9448
1877.33	31.332
1880.45	-147.649
1883.58	-160.722
1886.69	-35.291
1889.81	-4.51123
1892.92	-19.6704
1896.03	-44.7095
1899.13	-56.7227
1902.23	-51.9063
1905.33	-74.1602
1908.42	-96.5806
1911.51	-112.411
1914.6	-5.78174
1917.69	-34.8916
1920.76	-19.2642
1923.84	-72.0049
1926.91	-92.197
1929.98	-51.9199
1933.05	-47.8525
1936.11	-62.825
1939.17	-105.197
1942.22	-39.6641
1945.27	-85.1709
1948.32	-65.0068
1951.36	-106.048
1954.41	-60.7939
1957.44	-123.969
1960.48	-146.082
1963.51	-17.6602
1966.53	-117.263
1969.56	-124.051
1972.57	-63.46
1975.59	-12.5127
1978.6	-17.5513
1981.61	1.48047
1984.62	-33.5259
1987.62	-44.7456
1990.62	-34.9761
1993.61	-9.33594
1996.6	-11.8457
1999.59	-35.5356
2002.57	-88.626
2005.55	-80.7358
2008.53	-49.8462
2011.5	-46.8359
2014.47	9.44043
2017.44	-94.064
2020.4	-76.1333
2023.36	-121.333
2026.32	-103.443
2029.27	-64.5791
2032.22	-136.436
2035.16	-65.4785
2038.1	-30.1909
2041.04	-47.1726
2043.97	-52.3525
2046.9	-100.043
2049.83	-135.503
2052.76	-139.473
2055.68	-73.6877
2058.59	-56.896
2061.5	-150.355
2064.41	-80.1643
2067.32	-57.5928
2070.22	-11.2263
2073.12	-88.5706
2076.01	-3.95703
2078.91	-151.082
2081.79	-90.78
2084.68	-42.8159
2087.56	-8.54395
2090.44	-51.7024
2093.31	-114.785
2096.18	-65.9067
2099.05	-55.1997
2101.91	-54.666
2104.77	-36.1133
2107.63	-47.0596
2110.48	-8.83154
2113.33	4.65186
2116.17	-117.549
2119.02	-152.332
2121.85	-149.473
2124.69	-134.034
2127.52	-78.6543
2130.35	-87.8086
2133.17	36.2368
2135.99	-12.417
2138.81	-52.8203
2141.62	-101.374
2144.43	-54.499
2147.24	-28.0225
2150.04	-76.4561
2152.84	-118.341
2155.64	-121.532
2157.47	-110.374
2160.44	-53.3237
2163.4	-148.457
2166.37	-77.6968
2169.32	-136.093
2172.28	-191.326
2175.24	-3.93945
2178.18	-127.738
2181.13	-56.9844
2184.07	-157.317
2187.01	-122.545
2189.95	-128.912
2192.88	-171.203
2195.81	-161.272
2198.74	-61.6528
2201.66	-40.0049
2204.58	-161.847
2207.5	-57.8894
2210.41	-160.106
2213.32	-91.7502
2216.23	-100.844
2219.13	-23.2319
2222.03	-106.531
2224.93	-124.329
2227.82	-76.3142
2230.71	-132.811
2233.6	-36.7686
2236.48	-39.2324
2239.36	-62.5762
2242.24	-98.8599
2245.11	16.8091
2247.98	-24.8608
2250.84	-62.689
2253.71	-50.0225
2256.57	-6.70801
2259.42	-11.8765
2262.28	-93.4619
2265.13	-32.1807
2267.98	-113.848
2270.82	-36.23
2273.66	-74.021
2276.49	-53.2769
2279.33	-7.48877
2282.16	-157.268
2284.98	-7.55322
2287.8	-125.189
2290.63	17.231
2293.44	-61.6123
2296.26	-62.2188
2299.07	-99.8323
2301.87	-87.7346
2304.68	-106.067
2307.48	-115.261
2310.27	-169.078
2313.06	-103.114
2315.85	-84.4604
2318.64	-115.141
2321.42	-36.9849
2324.2	7.19092
2326.98	-157.382
2329.75	-136.423
2332.52	-182.113
2335.29	-73.2627
2338.05	-127.635
2340.81	-96.2563
2343.57	-88.1089
2346.32	-63.7778
2349.07	-106.099
2351.82	14.4912
2354.56	-10.124
2357.3	-78.519
2360.04	-1.51514
2362.77	-89.2852
2365.5	-38.1362
2368.23	-59.3057
2370.95	-43.3521
2373.67	-105.987
2376.38	-52.1377
2379.1	-21.1533
2381.81	-106.665
2384.51	-31.7363
2387.22	-32.2471
2389.92	-95.5137
2392.61	-63.2437
2395.3	-75.0234
2397.99	-119.613
2400.68	-119.144
2403.36	-132.408
2406.04	-113.042
2408.72	-48.437
2411.39	-93.5151
2414.06	-152.475
2416.73	-70.4941
2419.39	-40.5977
2422.05	-155.14
2424.71	-54.3633
2427.36	-6.33203
2430.01	-65.77
2432.65	-85.8379
2435.3	-41.3423
2437.94	-17.271
2440.57	-32.0918
2443.21	-105.181
2445.84	-126.491
2448.46	-112.147
2451.08	-144.421
2453.7	-42.4761
2456.32	-61.001
2458.93	-85.749
2461.54	-53.4424
2464.15	-91.042
2466.75	73.4263
2469.35	-142.406
2471.95	-16.1182
2474.54	-67.063
2477.13	-69.2085
2479.71	-3.93604
2482.3	-31.7612
2484.87	-116.121
2487.45	-136.109
2490.02	-128.3
2492.59	-140.52
2495.16	-38.2505
2497.72	-82.7139
2500.28	-49.2271
2502.84	-1.40039
2505.47	-252.864
2508.2	-29.5708
2510.92	-56.2388
2513.65	-91.3442
2516.37	-152.702
2519.08	-21.1934
2521.79	-180.125
2524.5	-78.7671
2527.21	-7.18359
2529.91	-8.31396
2532.61	-124.606
2535.31	6.49316
2538	-71.6973
2540.7	-142.449
2543.38	-214.387
2546.07	-112.247
2548.75	-129.246
2551.43	-173.694
2554.1	-39.6606
2556.78	-40.3501
2559.44	-26.9756
2562.11	-47.6006
2564.77	-7.55908
2567.43	-78.4185
2570.09	-99.8765
2572.74	-69.313
2575.39	-118.82
2578.04	-123.987
2580.68	-74.0125
2583.32	-40.1968
2585.96	-39.5327
2588.59	-105.306
2591.22	-64.0293
2593.85	-48.2056
2596.48	-75.5308
2599.1	-80.8127
2601.72	-137.336
2604.33	-163.126
2606.94	-141.755
2609.55	-57.0122
2612.16	6.41455
2614.76	-112.469
2617.36	17.1265
2619.96	-90.4072
2622.55	-101.072
2625.14	-178.837
2627.73	-180.453
2630.31	-110.218
2632.89	-31.1863
2635.47	-67.6687
2638.05	-0.901855
2640.62	-82.4922
2643.19	-94.2832
2645.75	-14.6226
2648.31	-67.512
2650.87	-96.8618
2653.43	-137.528
2655.98	-148.512
2658.53	-85.0649
2661.07	-218.934
2663.62	-107.897
2666.16	-52.6765
2668.69	-98.6077
2671.23	-53.4475
2673.76	-64.2581
2676.28	-97.8777
2678.81	-30.6672
2681.33	-32.1072
2683.85	20.8723
2686.36	-50.6272
2688.87	-164.087
2691.38	-20.4475
2693.89	-58.0876
2696.39	-70.907
2698.89	-38.1375
2701.38	-53.7659
2703.87	-69.3547
2706.36	-115.552
2708.85	-80.7188
2711.33	-76.9355
2713.81	-15.3755
2716.29	28.6748
2718.76	-51.3853
2721.23	-23.4556
2723.7	-31.5454
2726.16	-64.2656
2728.62	6.72461
2731.08	-67.1763
2733.54	-20.3462
2735.99	3.54639
2738.43	-89.3301
2740.88	-109.937
2743.32	-82.1841
2745.76	-62.7305
2748.2	-61.457
2750.63	-127.603
2753.06	-12.499
2755.48	-45.9634
2757.91	-115.72
2760.33	-115.094
2762.74	-38.968
2765.16	-51.5735
2767.57	-65.9465
2769.97	-94.7791
2772.38	-1.06396
2774.78	33.4741
2777.18	49.2805
2779.57	-33.1284
2781.96	-121.109
2784.35	-38.8999
2786.73	-117.479
2789.11	-22.0864
2791.49	11.4353
2793.87	-5.75293
2796.24	47.3503
2798.61	65.0447
2800.98	97.6382
2803.34	20.1692
2805.7	96.3198
2808.06	142.972
2810.41	99.3945
2812.76	95.9785
2815.11	135.493
2817.45	154.169
2819.79	184.195
2822.13	171.242
2824.32	38.5481
2826.83	162.709
2829.33	130.372
2831.84	161.593
2834.34	160.305
2836.84	212.309
2839.33	459.084
2841.82	437.751
2844.31	400.597
2846.8	539.662
2849.28	671.524
2851.76	638.627
2854.24	664.559
2856.71	786.135
2859.18	712.761
2861.65	897.197
2864.12	1001.77
2866.58	998.121
2869.04	1157.68
2871.49	1346.34
2873.95	1417.74
2876.4	1343.94
2878.85	1372.71
2881.29	1403.93
2883.73	1346.77
2886.17	1287.75
2888.6	1259.73
2891.04	1363.71
2893.47	1369.7
2895.89	1302.53
2898.32	1366.12
2900.74	1511.24
2903.16	1406.61
2905.57	1548.66
2907.98	1504.6
2910.39	1613.38
2912.8	1728.64
2915.2	1813.84
2917.6	1923.95
2919.99	2013.25
2922.39	2152.41
2924.78	2238.27
2927.17	2203.67
2929.55	2334.13
2931.93	2304.51
2934.31	2431.49
2936.69	2369.11
2939.06	2427.74
2941.43	2253.77
2943.8	2164.36
2946.16	1991.71
2948.52	1885.2
2950.88	1726.86
2953.23	1644.81
2955.58	1545.18
2957.93	1578.77
2960.28	1461.96
2962.62	1404.76
2964.96	1388.11
2967.3	1204.01
2969.63	1251.57
2971.96	1163.33
2974.29	1160.09
2976.62	1056.94
2978.94	1030.75
2981.26	1064.23
2983.57	968.366
2985.88	939.991
2988.19	752.266
2990.5	709.391
2992.8	707.008
2995.1	615.034
2997.4	513.061
2999.7	486.018
3001.99	453.667
3004.28	368.965
3006.56	377.625
3008.85	267.104
3011.13	237.174
3013.4	238.595
3015.68	222.905
3017.95	209.114
3020.22	222.803
3022.48	185.283
3024.74	92.094
3027	-0.246338
3029.26	12.1228
3031.51	82.1736
3033.76	37.7937
3036.01	89.093
3038.25	102.944
3040.49	90.0032
3042.73	96.9138
3044.96	95.6736
3047.2	122.873
3049.43	129.944
3051.65	203.273
3053.87	177.413
3056.09	194.143
3058.31	162.594
3060.52	145.244
3062.74	226.273
3064.94	250.303
3067.15	289.034
3069.35	203.213
3071.55	156.573
3073.74	152.223
3075.94	148.704
3078.13	78.3015
3080.31	70.8594
3082.5	40.759
3084.68	1.02783
3086.86	16.3254
3089.03	-11.2473
3091.2	-1.31982
3093.37	-14.6733
3095.54	37.2039
3097.7	33.3005
3099.86	47.7361
3102.02	75.8262
3104.17	138.918
3106.32	172.498
3108.47	187.679
3110.61	125.878
3112.75	124.338
3114.89	136.069
3116.84	126.486
3119.15	54.8228
3121.46	129.627
3123.76	233.636
3126.07	131.15
3128.37	121.112
3130.66	80.9429
3132.96	138.034
3135.25	101.464
3137.54	165.493
3139.83	154.761
3142.11	144.903
3144.39	53.0469
3146.67	119.199
3148.95	112.501
3149.19	166.269
