400.424	181.144
404.669	52.7451
408.909	220.795
413.143	39.2002
417.374	156.836
421.6	313.622
425.822	170.646
430.039	291.077
434.253	159.778
438.461	161.978
442.664	69.876
446.866	234.513
451.06	-31.7373
455.251	70.2998
459.437	151.649
463.619	56.6631
467.798	-52.0938
471.97	-48.2881
476.139	93.8496
480.303	330.739
484.464	112.299
488.619	101.816
492.771	115.74
496.916	482.784
501.057	421.4
505.196	447.572
509.329	339.881
513.458	482.089
517.583	616.196
521.704	1024.16
525.82	830.849
529.931	646.728
534.037	618.654
538.14	390.734
542.238	-4.93799
546.332	-96.6357
550.422	-52.7661
554.506	-107.899
558.587	-184.702
562.663	-51.9834
566.734	11.1592
570.802	33.6514
574.863	-51.1938
578.922	-89.4771
582.978	-126.695
587.027	-40.8062
591.073	-51.6172
595.112	13.2012
599.148	205.119
603.18	-8.45117
607.209	-94.6787
611.231	175.872
615.25	240.248
619.265	280.784
623.274	38.7637
627.279	264.951
631.281	116.921
635.278	180.568
639.27	16.0879
643.258	263.652
647.243	148.117
651.222	243.194
655.195	90.3779
659.166	140.033
663.131	172.998
667.093	52.2666
671.051	160.276
675.001	123.959
678.949	323.356
682.894	244.723
686.835	45.5801
690.769	146.999
694.7	67.4883
698.626	133.194
702.548	335.29
706.465	194.147
710.378	205.292
714.287	160.415
718.192	279.016
722.09	182.953
725.986	255.228
729.879	132.762
733.766	61.7119
737.647	113.078
741.526	164.857
745.4	239.044
749.268	84.1387
753.133	133.937
756.994	232.541
760.851	144.25
764.701	76.1963
768.547	50.1455
772.389	34.7617
776.23	108.774
780.063	72.0283
783.893	5.56445
787.719	-86.6289
791.541	5.71094
795.356	-61.5566
799.168	-69.6855
802.977	81.4326
806.781	-16.4082
810.58	-101.25
814.375	85.5859
818.162	15.0781
821.95	155.485
825.732	58.7109
829.509	289.454
833.282	170.834
837.05	183.955
840.814	93.8838
844.575	96.5273
848.33	100.115
852.079	26.9229
855.825	84.2725
859.568	164.546
863.307	10.126
867.04	-8.2041
870.769	176.102
874.493	164.615
878.214	-15.9629
881.93	-43.209
885.642	271.001
889.35	191.007
893.053	197.95
896.751	9.58008
900.445	9.55469
904.134	171.122
907.821	134.346
911.503	86.665
912.036	72.3457
915.893	-46.7256
919.749	139.627
923.602	304.187
927.45	258.801
931.291	23.0029
935.131	119.174
938.965	62.3799
942.797	-156.747
946.624	12.1816
950.447	100.992
954.267	88.8027
958.081	196.389
961.891	302.246
965.697	298.277
969.498	294.643
973.298	507.078
977.092	283.908
980.881	301.275
984.668	278.189
988.45	163.463
992.226	497.766
996.001	667.004
999.772	1400.36
1003.54	1243.46
1007.3	988.793
1011.06	954.626
1014.81	914.557
1018.56	724.287
1022.31	616.318
1026.05	692.846
1029.78	639.837
1033.52	550.634
1037.24	444.443
1040.97	414.644
1044.69	175.151
1048.41	265.862
1052.12	507.979
1055.83	1215.6
1059.53	2095.56
1063.23	1696.81
1066.93	1096.52
1070.62	612.257
1074.31	587.984
1077.99	468.744
1081.67	342.658
1085.35	177.804
1089.02	174.527
1092.69	96.3501
1096.35	26.5518
1100.01	169.768
1103.67	218.94
1107.32	128.457
1110.97	61.6704
1114.61	157.833
1118.25	122.546
1121.88	282.185
1125.52	962.056
1129.14	2157.37
1132.76	2183.19
1136.38	733.812
1140	224.829
1143.61	-17.1309
1147.22	90.5996
1150.82	308.03
1154.42	383.058
1158.01	618.077
1161.6	840.497
1165.19	1175.31
1168.77	1374.87
1172.35	1515.07
1175.92	1258.4
1179.49	1164.4
1183.06	1343.59
1186.62	1359.96
1190.18	1367.48
1193.73	1438.55
1197.28	1675.43
1200.83	1697.12
1204.37	1939.36
1207.91	2059.22
1211.44	1936.07
1214.97	1882.17
1218.49	1854.52
1222.01	1817.64
1225.53	1864.74
1229.04	1810.69
1232.55	1795.43
1236.06	1874.95
1239.56	1895.83
1243.06	1987.55
1246.55	1882.82
1250.04	1840.3
1253.52	1852.49
1257	1759.79
1260.48	1827.19
1263.95	1678.21
1267.42	1665.96
1270.88	1715.17
1274.34	1692.02
1277.8	1600.42
1281.25	1687.22
1284.7	1718.62
1288.14	2226.59
1291.58	3814.84
1295.02	3940.05
1298.45	2644.07
1301.88	1844.03
1305.3	1661.84
1308.72	1602.99
1312.14	1575.6
1315.55	1544.24
1318.96	1417.78
1322.36	1223.31
1325.76	1313.76
1329.16	1197.41
1332.54	997.07
1335.93	1006.48
1339.32	782.25
1342.69	794.849
1346.07	591.909
1349.44	599.658
1352.81	462.389
1356.17	340.159
1359.53	359.95
1362.89	362.11
1364.21	350.519
1367.74	202.501
1371.27	303.253
1374.8	-28.8428
1378.32	148.094
1381.83	80.2207
1385.34	130.419
1388.85	178.906
1392.36	365.982
1395.86	369.031
1399.35	153.031
1402.85	323.042
1406.34	345.322
1409.82	556.646
1413.3	1025.03
1416.78	1528.45
1420.26	1461.45
1423.73	1119.31
1427.19	1256.86
1430.66	1505.27
1434.12	2904.45
1437.57	4823.55
1441.02	4808.05
1444.47	3116.83
1447.91	2568.34
1451.36	2328.9
1454.79	2531.01
1458.23	2703.3
1461.65	2865.59
1465.08	2443.49
1468.5	1815.62
1471.92	1090.61
1475.33	657.813
1478.74	452.641
1482.15	238.547
1485.55	258.156
1488.95	156.865
1492.34	76.415
1495.73	-37.0137
1499.12	-56.0127
1502.5	16.3818
1505.88	105.865
1509.26	194.021
1512.63	166.624
1516	185.557
1519.36	242.706
1522.72	344.194
1526.08	338.713
1529.43	375.58
1532.78	409.377
1536.13	476.253
1539.47	490.536
1542.81	513.871
1546.14	470.711
1549.47	435.35
1552.79	575.458
1556.12	447.878
1559.44	481.515
1562.75	510.181
1566.06	434.125
1569.37	420.34
1572.68	404.154
1575.97	468.563
1579.27	490.444
1582.56	484.173
1585.85	388.453
1589.14	295.521
1592.42	391.477
1595.69	387.519
1598.97	411.324
1602.24	462.987
1605.5	486.618
1608.76	587.128
1612.02	548.427
1615.28	502.876
1618.53	587.435
1621.77	746.288
1625.02	553.925
1628.26	706.608
1631.49	712.62
1634.72	804.08
1637.95	837.973
1641.17	872.19
1644.4	1015.1
1647.61	1083.08
1650.82	1117.08
1654.03	1192.23
1657.24	1234.45
1660.44	1078.46
1663.63	1223.22
1666.83	1290.42
1670.02	964.506
1673.2	913.92
1676.39	772.52
1679.56	626.822
1682.74	651.729
1685.91	481.092
1689.08	341.115
1692.24	361.326
1695.4	280.798
1698.56	131.178
1701.71	82.0352
1704.86	165.803
1708	109.368
1711.14	27.5918
1714.28	-66.6445
1717.41	0.958984
1720.54	7.12012
1723.67	-32.8379
1726.79	-36.6201
1729.91	-58.6934
1733.02	-178.531
1736.13	5.62988
1739.24	99.9727
1742.34	-24.1211
1745.44	-86.3369
1748.53	112.084
1751.62	64.6934
1754.71	97.4336
1757.8	57.3242
1760.88	91.0234
1763.95	120.214
1767.03	55.0527
1770.1	53.6641
1773.16	16.4531
1776.22	63.8926
1778.67	-24.9268
1781.9	-26.7344
1785.13	-5.91992
1788.36	-52.1572
1791.59	96.3369
1794.81	-16.2656
1798.03	-90.6973
1801.24	3.38477
1804.45	22.2676
1807.66	-136.1
1810.87	-107.414
1814.06	-80.5234
1817.26	59.4355
1820.46	-1.13672
1823.65	-25.3154
1826.83	-55.8145
1830.01	-56.1221
1833.19	-40.1094
1836.37	46.374
1839.54	-144.236
1842.71	21.5039
1845.87	-50.082
1849.03	75.0313
1852.19	68.6416
1855.35	90.3496
1858.5	57.0762
1861.64	118.072
1864.79	63.2998
1867.93	-38.085
1871.06	18.3906
1874.2	138.922
1877.33	158.213
1880.45	184.392
1883.58	175.764
1886.69	156.473
1889.81	71.8516
1892.92	96.7891
1896.03	54.4785
1899.13	104.124
1902.23	135.772
1905.33	200.439
1908.42	160.891
1911.51	-48.2383
1914.6	14.5928
1917.69	137.174
1920.76	12.167
1923.84	-31.127
1926.91	52.1758
1929.98	94.7646
1933.05	57.3115
1936.11	31.1211
1939.17	-33.3809
1942.22	-110.17
1945.27	-64.8633
1948.32	-116.351
1951.36	-77.1182
1954.41	43.124
1957.44	-109.652
1960.48	-28.6787
1963.51	31.4131
1966.53	-68.835
1969.56	187.37
1972.57	56.751
1975.59	24.9395
1978.6	180.199
1981.61	202.72
1984.62	189.68
1987.62	195.131
1990.62	59.4736
1993.61	148.963
1996.6	121.141
1999.59	83.6152
2002.57	202.976
2005.55	189.566
2008.53	82.0264
2011.5	92.9521
2014.47	125.966
2017.44	19.4912
2020.4	-70.4795
2023.36	70.5088
2026.32	-16.1895
2029.27	-80.7588
2032.22	-101.759
2035.16	-111.293
2038.1	-85.4766
2041.04	-178.701
2043.97	-116.939
2046.9	-110.176
2049.83	-151.55
2052.76	-116.647
2055.68	-70.4902
2058.59	-143.165
2061.5	-197.011
2064.41	-94.335
2067.32	-151.201
2070.22	30.5
2073.12	8.69043
2076.01	-9.92188
2078.91	-95.5371
2081.79	-57.0391
2084.68	-1.63867
2087.56	9.68066
2090.44	-14.999
2093.31	-88.7627
2096.18	-152.127
2099.05	10.3975
2101.91	58.0264
2104.77	67.7549
2107.63	31.1641
2110.48	-35.5625
2113.33	-99.0996
2116.17	82.2109
2119.02	122.263
2121.85	43.8008
2124.69	237.346
2127.52	246.298
2130.35	-25.9805
2133.17	-103.32
2135.99	-43.8516
2138.81	-13.6416
2141.62	-38.4766
2144.43	-76.3408
2147.24	-50.9941
2150.04	12.7607
2152.84	-27.5781
2155.64	-76.3311
2157.47	-23.7305
2160.44	-31.1328
2163.4	-19.9766
2166.37	-64.4473
2169.32	-30.5342
2172.28	-149.469
2175.24	-82.7617
2178.18	35.8486
2181.13	-45.4668
2184.07	-11.9053
2187.01	-141.186
2189.95	-173.421
2192.88	-36.2305
2195.81	-50.6416
2198.74	-157.901
2201.66	38.2207
2204.58	-25.1455
2207.5	-9.96191
2210.41	-81.1777
2213.32	-116.064
2216.23	79.7314
2219.13	48.4111
2222.03	-100.543
2224.93	19.6367
2227.82	26.7676
2230.71	-54.2412
2233.6	8.18848
2236.48	89.5781
2239.36	100.239
2242.24	121.218
2245.11	61.1426
2247.98	121.244
2250.84	121.617
2253.71	122.09
2256.57	159.463
2259.42	68.5371
2262.28	176.292
2265.13	134.997
2267.98	196.433
2270.82	92.5303
2273.66	146.216
2276.49	52.5205
2279.33	73.8535
2282.16	107.643
2284.98	117.257
2287.8	39.4512
2290.63	-26.4688
2293.44	156.636
2296.26	103.26
2299.07	150.254
2301.87	83.3486
2304.68	65.1494
2307.48	-1.63477
2310.27	-7.2002
2313.06	61.0947
2315.85	4.92969
2318.64	29.0479
2321.42	35.7988
2324.2	46.8711
2326.98	86.3525
2329.75	2.19238
2332.52	37.9707
2335.29	50.7295
2338.05	52.2666
2340.81	103.022
2343.57	28.1885
2346.32	138.513
2349.07	87.4951
2351.82	63.0273
2354.56	112.636
2357.3	126.434
2360.04	31.8359
2362.77	-7.16406
2365.5	-32.293
2368.23	27.1504
2370.95	22.2822
2373.67	-112.243
2376.38	-124.427
2379.1	5.08887
2381.81	36.6162
2384.51	-72.916
2387.22	-62.4072
2389.92	76.4307
2392.61	12.8438
2395.3	-9.86621
2397.99	-28.2646
2400.68	72.5234
2403.36	27.1777
2406.04	-26.8555
2408.72	-54.2129
2411.39	-3.12109
2414.06	-7.91113
2416.73	15.2275
2419.39	-83.5049
2422.05	-17.2725
2424.71	-33.6563
2427.36	-88.626
2430.01	-52.9346
2432.65	81.5322
2435.3	122.602
2437.94	-3.70117
2440.57	-6.27246
2443.21	38.582
2445.84	37.6299
2448.46	50.9014
2451.08	53.04
2453.7	126.892
2456.32	132.777
2458.93	131.358
2461.54	9.60645
2464.15	126.808
2466.75	295.216
2469.35	101.943
2471.95	73.6133
2474.54	110.062
2477.13	194.244
2479.71	103.751
2482.3	55.7012
2484.87	27.6572
2487.45	-1.30566
2490.02	-17.0928
2492.59	-48.958
2495.16	104.107
2497.72	88.5986
2500.28	-3.95703
2502.84	129.136
2505.47	0.854492
2508.2	152.906
2510.92	-169.583
2513.65	42.6494
2516.37	-32.5693
2519.08	-2.25195
2521.79	-92.0879
2524.5	-87.7549
2527.21	170.84
2529.91	-30.7568
2532.61	-96.9219
2535.31	-193.566
2538	-80.1816
2540.7	-37.1367
2543.38	-169.751
2546.07	-245.694
2548.75	2.4502
2551.43	-31.1523
2554.1	-3.55469
2556.78	15.1006
2559.44	-82.5586
2562.11	-38.0918
2564.77	-76.3525
2567.43	60.1025
2570.09	-29.6611
2572.74	4.26855
2575.39	-63.2031
2578.04	54.9727
2580.68	47.9307
2583.32	-5.79492
2585.96	66.4736
2588.59	133.759
2591.22	-25.3105
2593.85	56.0898
2596.48	149.18
2599.1	147.041
2601.72	-21.2695
2604.33	219.291
2606.94	277.431
2609.55	178.701
2612.16	122.59
2614.76	131.551
2617.36	179.561
2619.96	111.151
2622.55	50.4414
2625.14	167.93
2627.73	0.941406
2630.31	92.96
2632.89	106.11
2635.47	21.8398
2638.05	81.5098
2640.62	248.167
2643.19	46.3945
2645.75	139.392
2648.31	102.77
2650.87	165.114
2653.43	196.643
2655.98	63.748
2658.53	27.4531
2661.07	97.6279
2663.62	69.3027
2666.16	75.0596
2668.69	109.171
2671.23	171.315
2673.76	14.0986
2676.28	169.258
2678.81	66.3906
2681.33	104.373
2683.85	54.4346
2686.36	166.178
2688.87	233.257
2691.38	292.896
2693.89	384.455
2696.39	531.311
2698.89	611.047
2701.38	755.49
2703.87	876.452
2706.36	958.465
2708.85	1081.53
2711.33	1401.15
2713.81	1447.16
2716.29	1519.7
2718.76	1724.02
2721.23	1862
2723.7	1797.54
2726.16	1647.84
2728.62	1609.04
2731.08	1501.86
2733.54	1172.95
2735.99	855.128
2738.43	659.907
2740.88	537.179
2743.32	426.118
2745.76	220.098
2748.2	317.408
2750.63	296.724
2753.06	383.089
2755.48	233.773
2757.91	171.563
2760.33	183.452
2762.74	202.958
2765.16	285.756
2767.57	125.351
2769.97	71.2402
2772.38	58.8545
2774.78	32.834
2777.18	12.6836
2779.57	-4.0625
2781.96	22.623
2784.35	45.0098
2786.73	-37.3281
2789.11	34.3203
2791.49	-26.4375
2793.87	50.5928
2796.24	-118.642
2798.61	50.5938
2800.98	80.209
2803.34	106.544
2805.7	116.785
2808.06	215.856
2810.41	372.257
2812.76	424.345
2815.11	461.227
2817.45	667.724
2819.79	851.652
2822.13	1007.35
2824.32	1179.12
2826.83	1767.83
2829.33	2289.73
2831.84	3383.22
2834.34	5193.15
2836.84	7708.93
2839.33	11356.9
2841.82	15072.2
2844.31	18578.5
2846.8	20077.4
2849.28	19305.4
2851.76	17623.3
2854.24	15724.7
2856.71	14267.9
2859.18	13263.5
2861.65	12599
2864.12	12171.6
2866.58	12110.6
2869.04	12631.6
2871.49	13300.8
2873.95	14327.9
2876.4	16342.8
2878.85	21524.8
2881.29	25650.6
2883.73	21658.8
2886.17	16130.5
2888.6	13365.6
2891.04	12173.5
2893.47	11443.5
2895.89	11279.4
2898.32	11197.2
2900.74	10839.5
2903.16	10350.1
2905.57	9879.85
2907.98	9181.36
2910.39	8787.05
2912.8	8609.98
2915.2	8296.87
2917.6	8179.17
2919.99	8415.21
2922.39	8131.47
2924.78	8254.28
2927.17	8674.1
2929.55	8804.87
2931.93	8810.59
2934.31	8859.16
2936.69	8426.19
2939.06	7814.57
2941.43	7274
2943.8	6425.77
2946.16	5528.29
2948.52	4776.07
2950.88	4309.65
2953.23	3995.04
2955.58	3998.15
2957.93	3805.08
2960.28	3506.64
2962.62	3598.13
2964.96	3374.25
2967.3	3211.56
2969.63	2940.35
2971.96	2647.4
2974.29	2513.05
2976.62	2469.88
2978.94	2325.55
2981.26	2250.01
2983.57	2116.88
2985.88	2013.35
2988.19	1720.35
2990.5	1688.07
2992.8	1571.93
2995.1	1465.05
2997.4	1232.36
2999.7	1196.51
3001.99	1054.09
3004.28	880.089
3006.56	770.877
3008.85	686.617
3011.13	611.396
3013.4	497.692
3015.68	464.491
3017.95	366.957
3020.22	156.725
3022.48	330.389
3024.74	125.463
3027	106.038
3029.26	39.2725
3031.51	19.1074
3033.76	85.6895
3036.01	68.1523
3038.25	30.3447
3040.49	38.4473
3042.73	19.4775
3044.96	-82.8906
3047.2	-27.5498
3049.43	-6.50879
3051.65	113.306
3053.87	-9.07813
3056.09	149.367
3058.31	250.705
3060.52	361.369
3062.74	291.284
3064.94	244.42
3067.15	265.266
3069.35	70.4521
3071.55	35.7881
3073.74	63.5928
3075.94	135.127
3078.13	69.6006
3080.31	88.0449
3082.5	43.8594
3084.68	70.6543
3086.86	-56.2441
3089.03	-49.5664
3091.2	-125.33
3093.37	-51.5527
3095.54	-101.875
3097.7	-107.371
3099.86	-152.479
3102.02	-144.725
3104.17	-47.334
3106.32	42.0752
3108.47	102.193
3110.61	93.8945
3112.75	91.0947
3114.89	222.946
3116.84	485.676
3119.15	282.781
3121.46	184.12
3123.76	247.472
3126.07	334.762
3128.37	349.36
3130.66	204.634
3132.96	155.167
3135.25	-69.6338
3137.54	63.2021
3139.83	16.3613
3142.11	113.322
3144.39	-26.6738
3146.67	-9.71289
3148.95	236.807
3149.19	793.687
