400.424	20.6113
404.669	-138.094
408.909	231.944
413.143	313.959
417.374	101.883
421.6	121.58
425.822	188.381
430.039	67.1211
434.253	-20.8066
438.461	-6.83594
442.664	2.12988
446.866	268.874
451.06	14.9707
455.251	60.3604
459.437	-98.4131
463.619	157.132
467.798	146.981
471.97	-54.7031
476.139	140.41
480.303	206.368
484.464	213.431
488.619	-3.4043
492.771	44.8984
496.916	234.271
501.057	295.033
505.196	136.184
509.329	36.7432
513.458	553.479
517.583	333.779
521.704	425.141
525.82	322.953
529.931	697.776
534.037	535.776
538.14	690.97
542.238	458.183
546.332	249.406
550.422	-8.2168
554.506	-93.9736
558.587	43.0439
562.663	-7.08398
566.734	105.88
570.802	102.282
574.863	142.938
578.922	255.028
582.978	269.786
587.027	157.023
591.073	221.294
595.112	122.082
599.148	149.491
603.18	39.0684
607.209	207.997
611.231	53.3857
615.25	195.142
619.265	206.983
623.274	-48.5684
627.279	68.3867
631.281	-29.6533
635.278	46.9355
639.27	1.71582
643.258	-27.2188
647.243	-55.5254
651.222	-31.9883
655.195	-50.4717
659.166	-85.9004
663.131	-96.7568
667.093	-73.9619
671.051	-87.0234
675.001	-56.8848
678.949	245.382
682.894	161.296
686.835	27.3604
690.769	105.917
694.7	134.256
698.626	74.8516
702.548	114.631
706.465	68.2383
710.378	-2.69238
714.287	97.7217
718.192	41.6152
722.09	101.043
725.986	71.4775
729.879	6.63965
733.766	137.401
737.647	26.6611
741.526	167.814
745.4	206.032
749.268	57.4844
753.133	140.391
756.994	304.106
760.851	302.986
764.701	99.1074
768.547	5.78711
772.389	-86.209
776.23	-5.11426
780.063	-66.1895
783.893	-80.5234
787.719	-97.0674
791.541	-124.479
795.356	1425.27
799.168	-45.0615
802.977	77.6855
806.781	112.936
810.58	-59.917
814.375	77.5742
818.162	200.372
821.95	316.886
825.732	257.094
829.509	46.8398
833.282	132.095
837.05	-32.2246
840.814	-53.1445
844.575	-21.3789
848.33	73.418
852.079	91.5186
855.825	78.5371
859.568	141.031
863.307	48.3262
867.04	-65.7637
870.769	-4.99512
874.493	15.5127
878.214	19.7139
881.93	-1.46484
885.642	-42.4727
889.35	163.662
893.053	100.188
896.751	237.666
900.445	271.985
904.134	291.421
907.821	231.418
911.503	402.953
912.036	426.398
915.893	-90.5488
919.749	352.381
923.602	318.621
927.45	247.223
931.291	423.827
935.131	415.101
938.965	218.779
942.797	120.305
946.624	255.616
950.447	158.641
954.267	5.92188
958.081	431.156
961.891	447.466
965.697	344.961
969.498	666.124
973.298	422.863
977.092	284.146
980.881	224.605
984.668	316.735
988.45	115.411
992.226	385.044
996.001	751.871
999.772	1937.68
1003.54	1802.46
1007.3	648.811
1011.06	595.854
1014.81	407.005
1018.56	258.029
1022.31	406.494
1026.05	760.061
1029.78	933.666
1033.52	819.879
1037.24	543.913
1040.97	556.987
1044.69	268.87
1048.41	227.055
1052.12	121.007
1055.83	513.631
1059.53	597.333
1063.23	399.25
1066.93	311.504
1070.62	138.717
1074.31	67.832
1077.99	113.894
1081.67	454.801
1085.35	229.718
1089.02	155.26
1092.69	-166.954
1096.35	-297.947
1100.01	-214.741
1103.67	-168.836
1107.32	-82.4033
1110.97	-137.974
1114.61	-146.023
1118.25	89.9268
1121.88	506.899
1125.52	363.014
1129.14	392.346
1132.76	320.775
1136.38	104.907
1140	211.238
1143.61	155.143
1147.22	64.6738
1150.82	369.041
1154.42	269.503
1158.01	396.979
1161.6	305.259
1165.19	252.927
1168.77	185.458
1172.35	201.039
1175.92	145.473
1179.49	193.635
1183.06	276.182
1186.62	149.099
1190.18	190.563
1193.73	195.969
1197.28	112.671
1200.83	520.731
1204.37	604.354
1207.91	797.995
1211.44	623.536
1214.97	535.935
1218.49	616.388
1222.01	730.537
1225.53	879.555
1229.04	935.639
1232.55	978.512
1236.06	1079.15
1239.56	1039.88
1243.06	994.533
1246.55	1190.64
1250.04	993.361
1253.52	1031.99
1257	928.239
1260.48	1067.28
1263.95	995.952
1267.42	1010.05
1270.88	1113.48
1274.34	919.242
1277.8	1168.36
1281.25	1084.38
1284.7	937.302
1288.14	924.495
1291.58	1026.78
1295.02	1088.35
1298.45	1177.3
1301.88	1225.1
1305.3	1187.85
1308.72	1231.44
1312.14	1240.89
1315.55	1344.58
1318.96	1230.09
1322.36	1141.94
1325.76	1154.62
1329.16	992.89
1332.54	1063.27
1335.93	1100.1
1339.32	932.99
1342.69	806.708
1346.07	677.986
1349.44	643.954
1352.81	616.603
1356.17	389.071
1359.53	260.061
1362.89	270.821
1364.21	288.771
1367.74	293.691
1371.27	-19.0176
1374.8	125.986
1378.32	145.914
1381.83	165.509
1385.34	101.275
1388.85	399.629
1392.36	442.673
1395.86	488.265
1399.35	474.681
1402.85	418.332
1406.34	501.529
1409.82	687.646
1413.3	561.519
1416.78	546.634
1420.26	517.219
1423.73	705.95
1427.19	939.438
1430.66	963.409
1434.12	1201.72
1437.57	1233.84
1441.02	1244.16
1444.47	1292.86
1447.91	1593.38
1451.36	1435.96
1454.79	1343.87
1458.23	1074.27
1461.65	1066.15
1465.08	755.038
1468.5	595.078
1471.92	531.538
1475.33	301.088
1478.74	79.2598
1482.15	272.11
1485.55	157.134
1488.95	-0.542969
1492.34	81.291
1495.73	246.128
1499.12	11.4678
1502.5	113.937
1505.88	191.253
1509.26	327.941
1512.63	328.676
1516	316.342
1519.36	466.725
1522.72	461.148
1526.08	572.102
1529.43	561.301
1532.78	683.933
1536.13	688.744
1539.47	778.462
1542.81	854.731
1546.14	832.009
1549.47	908.886
1552.79	958.53
1556.12	946.785
1559.44	819.461
1562.75	874.464
1566.06	746.746
1569.37	659.397
1572.68	665.85
1575.97	749.499
1579.27	654.419
1582.56	839.787
1585.85	749.706
1589.14	686.113
1592.42	645.51
1595.69	689.593
1598.97	701.938
1602.24	1094.44
1605.5	1119.81
1608.76	871.467
1612.02	978.308
1615.28	955.499
1618.53	1120.6
1621.77	1161.2
1625.02	1215.78
1628.26	1182.8
1631.49	1302.66
1634.72	1376.76
1637.95	1474.9
1641.17	1518.06
1644.4	1703.72
1647.61	1814.04
1650.82	1817.89
1654.03	1908.28
1657.24	1990.65
1660.44	1850.01
1663.63	1853.52
1666.83	1844.96
1670.02	1621.99
1673.2	1476.76
1676.39	1311.9
1679.56	976.655
1682.74	1077.41
1685.91	730.221
1689.08	618.994
1692.24	456.753
1695.4	270.174
1698.56	184.604
1701.71	98.2119
1704.86	27.4297
1708	25.8467
1711.14	-47.2793
1714.28	-51.8936
1717.41	94.5889
1720.54	-37.8467
1723.67	-70.5156
1726.79	-33.0693
1729.91	-35.1807
1733.02	107.966
1736.13	17.6133
1739.24	47.9854
1742.34	-86.9375
1745.44	-41.6689
1748.53	4.5166
1751.62	64.9395
1754.71	12.3389
1757.8	0.586914
1760.88	37.7227
1763.95	35.9229
1767.03	-7.19043
1770.1	-43.9912
1773.16	1.7334
1776.22	94.5088
1778.67	84.5869
1781.9	146.919
1785.13	-49.8877
1788.36	-21.0469
1791.59	29.5254
1794.81	-102.998
1798.03	-135.205
1801.24	35.8271
1804.45	-69.2422
1807.66	34.2402
1810.87	-21.9385
1814.06	113.282
1817.26	-54.6045
1820.46	-18.5322
1823.65	107.684
1826.83	-73.0449
1830.01	8.41797
1833.19	-193.31
1836.37	-67.5479
1839.54	-0.646484
1842.71	-11.6201
1845.87	42.2021
1849.03	-116.073
1852.19	90.9492
1855.35	12.3037
1858.5	-17.0264
1861.64	98.3125
1864.79	102.964
1867.93	-147.977
1871.06	120.742
1874.2	-28.9697
1877.33	18.8711
1880.45	79.5947
1883.58	112.917
1886.69	-11.7344
1889.81	-89.9092
1892.92	133.262
1896.03	71.6182
1899.13	-19.1953
1902.23	-31.9063
1905.33	-150.953
1908.42	-65.9482
1911.51	-79.4268
1914.6	-51.4453
1917.69	-64.5098
1920.76	-115.546
1923.84	-172.872
1926.91	-70.5781
1929.98	38.5986
1933.05	-91.2432
1936.11	-96.8721
1939.17	-89.3125
1942.22	-75.876
1945.27	-69.2656
1948.32	-210.833
1951.36	-63.7021
1954.41	55.6592
1957.44	6.86035
1960.48	16.3311
1963.51	88.8008
1966.53	49.4609
1969.56	-18.8389
1972.57	-136.561
1975.59	25.4756
1978.6	25.7803
1981.61	85.8457
1984.62	71.9502
1987.62	42.8691
1990.62	42.1787
1993.61	-4.96875
1996.6	51.4961
1999.59	-4.33789
2002.57	120.994
2005.55	182.856
2008.53	7.8877
2011.5	-27.2354
2014.47	6.47461
2017.44	-44.9131
2020.4	12.2559
2023.36	23.584
2026.32	-39.2217
2029.27	33.002
2032.22	22.7949
2035.16	-21.6533
2038.1	68.1455
2041.04	23.7793
2043.97	-22.0928
2046.9	26.7363
2049.83	16.0771
2052.76	12.4766
2055.68	-15.5195
2058.59	-49.084
2061.5	-118.25
2064.41	-68.5938
2067.32	-150.379
2070.22	-68.333
2073.12	-87.8955
2076.01	-96.2373
2078.91	-113.618
2081.79	-65.624
2084.68	-101.048
2087.56	-86.2344
2090.44	-18.0176
2093.31	-13.9639
2096.18	-70.3984
2099.05	-87.5713
2101.91	-25.5225
2104.77	53.6221
2107.63	-4.84863
2110.48	13.6563
2113.33	27.252
2116.17	58.7109
2119.02	87.1943
2121.85	74.9912
2124.69	-57.4063
2127.52	135.977
2130.35	194.929
2133.17	-96.3096
2135.99	-17.4385
2138.81	95.9707
2141.62	-4.78711
2144.43	-43.4355
2147.24	-34.2314
2150.04	28.25
2152.84	42.0723
2155.64	9.30957
2157.47	51.7666
2160.44	20.0039
2163.4	-32.748
2166.37	297.327
2169.32	-85.3184
2172.28	-13.2607
2175.24	-226.762
2178.18	113.938
2181.13	-39.7813
2184.07	-2.59082
2187.01	5.45215
2189.95	-41.8965
2192.88	-143.082
2195.81	-105.368
2198.74	-5.30566
2201.66	-35.2168
2204.58	-39.2188
2207.5	23.9648
2210.41	-78.7461
2213.32	-33.8418
2216.23	84.5459
2219.13	7.97168
2222.03	31.7656
2224.93	-20.4072
2227.82	-22.874
2230.71	43.2617
2233.6	18.2959
2236.48	-11.5215
2239.36	16.2285
2242.24	46.499
2245.11	54.1084
2247.98	47.998
2250.84	81.8545
2253.71	-73.8486
2256.57	108.942
2259.42	100.478
2262.28	20.3486
2265.13	33.5127
2267.98	138.007
2270.82	-3.69629
2273.66	138.688
2276.49	41.3857
2279.33	27.4629
2282.16	61.1094
2284.98	-89.208
2287.8	31.9512
2290.63	-92.4805
2293.44	-24.3018
2296.26	11.7988
2299.07	109.683
2301.87	125.471
2304.68	-44.2393
2307.48	17.2891
2310.27	-56.6064
2313.06	-92.4424
2315.85	145.617
2318.64	-47.5967
2321.42	-38.1709
2324.2	-24.4277
2326.98	-12.873
2329.75	-40.5
2332.52	4.00293
2335.29	79.0859
2338.05	39.7607
2340.81	86.5527
2343.57	-7.7627
2346.32	56.6504
2349.07	54.5225
2351.82	-8.15527
2354.56	25.6396
2357.3	-2.19629
2360.04	32.2686
2362.77	-84.8398
2365.5	-93.0742
2368.23	62.5645
2370.95	38.0586
2373.67	46.1904
2376.38	64.4316
2379.1	4.98828
2381.81	-24.5146
2384.51	-65.8477
2387.22	-126.973
2389.92	79.166
2392.61	-60.6943
2395.3	-117.677
2397.99	-47.6484
2400.68	40.251
2403.36	-66.6582
2406.04	-47.9971
2408.72	-35.4053
2411.39	-73.1875
2414.06	-40.4473
2416.73	-17.2822
2419.39	99.5918
2422.05	-68.0645
2424.71	-112.342
2427.36	4.77734
2430.01	-26.2178
2432.65	-17.0186
2435.3	25.4873
2437.94	-41.3848
2440.57	-54.4521
2443.21	-84.9473
2445.84	-80.9365
2448.46	-23.3535
2451.08	-17.8047
2453.7	14.3613
2456.32	14.0625
2458.93	-7.92969
2461.54	-73.5518
2464.15	73.5742
2466.75	159.288
2469.35	-42.6787
2471.95	-45.0049
2474.54	-69.8652
2477.13	-99.2764
2479.71	-62.209
2482.3	-28.8174
2484.87	-58.792
2487.45	-73.8457
2490.02	-4.37207
2492.59	37.7207
2495.16	-66.2578
2497.72	-46.2588
2500.28	49.5889
2502.84	12.1875
2505.47	49.1768
2508.2	-7.38086
2510.92	-23.9346
2513.65	106.956
2516.37	-14.457
2519.08	-20.9121
2521.79	-64.2773
2524.5	23.2266
2527.21	65.9922
2529.91	-57.3154
2532.61	27.001
2535.31	-109.048
2538	82.6357
2540.7	-44.4238
2543.38	92.6602
2546.07	-192.288
2548.75	-52.6426
2551.43	-47.6484
2554.1	108.101
2556.78	-6.08301
2559.44	-68.3711
2562.11	-62.3369
2564.77	-38.2227
2567.43	35.2686
2570.09	-153.36
2572.74	-88.6885
2575.39	-61.3711
2578.04	90.876
2580.68	-184.544
2583.32	10.4521
2585.96	-190.958
2588.59	26.2002
2591.22	-2.53125
2593.85	120.721
2596.48	36.5615
2599.1	-64.8018
2601.72	102.666
2604.33	10.8242
2606.94	79.2021
2609.55	64.5273
2612.16	-67.2295
2614.76	-5.3252
2617.36	-45.374
2619.96	-0.640625
2622.55	-4.21973
2625.14	-1.39746
2627.73	-6.28906
2630.31	88.2188
2632.89	-14.6455
2635.47	-71.9277
2638.05	-6.4707
2640.62	-27.3594
2643.19	51.8896
2645.75	8.12207
2648.31	-31.0654
2650.87	-16.1035
2653.43	5.43652
2655.98	-67.6133
2658.53	-165.664
2661.07	-28.5186
2663.62	-16.001
2666.16	-105.275
2668.69	-79.3652
2671.23	-69.8496
2673.76	31.3447
2676.28	148.386
2678.81	42.6357
2681.33	14.1963
2683.85	45.9375
2686.36	89.5303
2688.87	152.122
2691.38	-17.2256
2693.89	103.447
2696.39	153.58
2698.89	154.796
2701.38	235.881
2703.87	200.786
2706.36	201.243
2708.85	186.349
2711.33	293.277
2713.81	309.694
2716.29	359.243
2718.76	360.032
2721.23	460.28
2723.7	441.889
2726.16	379.43
2728.62	357.061
2731.08	460.222
2733.54	450.444
2735.99	324.627
2738.43	334.771
2740.88	300.643
2743.32	310.448
2745.76	259.892
2748.2	363.966
2750.63	247.913
2753.06	231.608
2755.48	104.787
2757.91	50.6123
2760.33	126.49
2762.74	226.641
2765.16	287.428
2767.57	150.268
2769.97	82.2588
2772.38	83.8184
2774.78	56.0996
2777.18	27.0498
2779.57	81.9619
2781.96	6.80566
2784.35	23.0488
2786.73	68.4141
2789.11	-55.6211
2791.49	-95.9668
2793.87	66.0771
2796.24	26.2021
2798.61	-92.2998
2800.98	21.3047
2803.34	-45.4395
2805.7	-51.7842
2808.06	16.3018
2810.41	-10.6523
2812.76	1.90332
2815.11	51.3506
2817.45	-16.9668
2819.79	-57.2539
2822.13	-9.47168
2824.32	28.7002
2826.83	55.4766
2829.33	-9.45703
2831.84	258.009
2834.34	249.907
2836.84	414.962
2839.33	567.85
2841.82	743.257
2844.31	915.362
2846.8	1054.78
2849.28	1234.75
2851.76	1460.35
2854.24	1577.46
2856.71	1652.58
2859.18	1783.96
2861.65	1994.79
2864.12	2364.23
2866.58	2593.46
2869.04	3096.13
2871.49	3300.61
2873.95	3495.04
2876.4	3509.19
2878.85	3447.65
2881.29	3558.2
2883.73	3311
2886.17	3254.51
2888.6	3294.06
2891.04	3265.95
2893.47	3374.12
2895.89	3493.17
2898.32	3655.46
2900.74	3691.12
2903.16	3729.24
2905.57	3943.26
2907.98	3963.67
2910.39	4337.05
2912.8	4592.47
2915.2	4728.95
2917.6	5013.74
2919.99	5357.67
2922.39	5497.23
2924.78	5915.94
2927.17	5976.05
2929.55	6298.12
2931.93	6408.83
2934.31	6510.51
2936.69	6611.53
2939.06	6405.41
2941.43	6359.64
2943.8	5907.8
2946.16	5538.93
2948.52	4950.31
2950.88	4651.19
2953.23	4350.09
2955.58	4045.5
2957.93	3974.83
2960.28	3788.4
2962.62	3736.99
2964.96	3725.51
2967.3	3530.44
2969.63	3282.33
2971.96	3244.19
2974.29	3124.45
2976.62	3066.49
2978.94	2871.27
2981.26	2802.14
2983.57	2707.52
2985.88	2391
2988.19	2222.81
2990.5	2149.75
2992.8	2010.82
2995.1	1710.35
2997.4	1473.78
2999.7	1405.94
3001.99	1214.54
3004.28	1119.35
3006.56	965.76
3008.85	809.314
3011.13	711.013
3013.4	510.129
3015.68	484.247
3017.95	285.434
3020.22	208.921
3022.48	118.008
3024.74	93.9063
3027	-109.496
3029.26	67.3604
3031.51	113.71
3033.76	68.9854
3036.01	-37.1592
3038.25	52.6279
3040.49	153.725
3042.73	63.6504
3044.96	34.876
3047.2	43.8125
3049.43	201.76
3051.65	340.167
3053.87	330.375
3056.09	512.611
3058.31	454.438
3060.52	701.236
3062.74	591.844
3064.94	599.252
3067.15	496.729
3069.35	491.089
3071.55	389.396
3073.74	295.716
3075.94	244.425
3078.13	199.814
3080.31	99.249
3082.5	37.9893
3084.68	-27.5723
3086.86	-65.2021
3089.03	-3.65137
3091.2	0.362305
3093.37	-13.8154
3095.54	-25.79
3097.7	4.29297
3099.86	10.5615
3102.02	-22.1064
3104.17	-64.1855
3106.32	-10.1875
3108.47	15.3936
3110.61	59.5596
3112.75	165.42
3114.89	201.933
3116.84	259.968
3119.15	11.3955
3121.46	-16.6006
3123.76	-99.7324
3126.07	156.665
3128.37	71.9531
3130.66	-65.6904
3132.96	-74.4385
3135.25	-42.9971
3137.54	53.7842
3139.83	53.4873
3142.11	37.0273
3144.39	-130.19
3146.67	61.5498
3148.95	67.75
3149.19	204.296
