0.714588895091863
0.732633918902906
0.769892442975819
0.736361194507927
0.705814014250995
0.703315696318530
0.726091826733560
0.731415939850806
0.742117801954517
0.742488159033903
0.725813999475176
0.730716785170460
0.747718787827225
0.724324327827628
0.760235986205847
0.766057981596930
0.719488743851014
0.748902703384084
0.762727807624239
0.738270783243654
0.743748761905960
0.760390105791666
0.760468743486164
0.737640910903717
0.709658565563644
0.748104739848988
0.743946164996692
0.682691924534820
0.742117801954517
0.721809491392166
0.725813999475176
0.730716785170460
0.740540481971825
0.738260182692429
0.777849289957979
0.685882992745098
0.747999558764158
0.737640910903717
0.709658565563644
0.748104739848988
0.771959029287589
0.749124204725510