0.674932907838351
0.660973927372208
0.656505661049393
0.750272982313434
0.762049244298977
0.715808277359053
0.783990112556529
0.730948797992776
0.728250219295175
0.709917018225404
0.697742252221820
0.669654248494166
0.779018333314121
0.727274781574824
0.768241567840881
0.787791474819817
0.767127945179900
0.718715261350562
0.675209042340905
0.718030220159439
0.733291524366083
0.670391962545699
0.758813682341420
0.769508113695455
0.725967444672996
0.729528497934271
0.760789404644503
0.709917018225404
0.697742252221820
0.669654248494166
0.753246003166286
0.701190367550822
0.731045919999079
0.675209042340905
0.718030220159439
0.733291524366083
0.670391962545699
0.824564088309514
0.749501394469877
0.724667597076636