400.752	-82.66
402.56	-45.57
404.37	-39.37
406.179	0.00
407.987	8.94
409.796	6.10
411.602	47.50
413.409	14.70
415.215	32.07
417.021	32.04
418.826	57.48
420.632	72.78
422.436	44.78
424.24	46.36
426.043	79.55
427.847	50.59
429.65	8.35
431.452	75.54
433.254	57.22
435.055	84.11
436.856	68.64
438.655	71.15
440.455	58.4
442.255	37.85
444.054	52.39
445.851	25.9
447.65	67.62
449.447	64.42
451.245	31.83
453.041	83.18
454.838	40.56
456.633	50.68
458.428	49.01
460.224	59.06
462.018	92.48
463.812	57.24
465.605	115.72
467.398	82.01
469.191	141.97
470.983	129.38
472.775	114.66
474.565	109.54
476.356	125.66
478.147	125.98
479.935	161.05
481.725	117.97
483.513	84.40
485.302	124.33
487.089	115.81
488.878	95.99
490.665	59.24
492.451	42.15
494.236	57.94
496.021	56.30
497.808	41.06
499.593	64.16
501.377	31.88
503.159	4.04
504.943	30.53
506.726	28.99
508.509	-14.24
510.291	38.37
512.072	0.70
513.853	-21.94
515.633	39.69
517.414	9.45
519.193	-22.32
520.973	-1.77
522.751	-1.94
524.529	-11.57
526.306	-0.00
528.083	-19.71
529.862	-19.41
531.638	-9.68
533.414	-6.0
535.188	-18.18
536.963	-7.36
538.738	-17.95
540.513	-9.12
542.287	-50.59
544.059	10.7
545.832	9.80
547.604	-3.14
549.377	2.87
551.147	0.66
552.919	-1.96
554.689	22.06
556.458	33.93
558.228	-14.54
559.996	27.27
561.767	18.94
563.535	22.46
565.301	3.68
567.068	29.67
568.835	12.31
570.602	20.08
572.368	14.40
574.132	18.0
575.898	-7.23
577.663	-15.40
579.426	3.14
581.191	-20.02
582.953	10.21
584.715	-27.86
586.479	42.39
588.24	32.98
590.001	27.55
591.762	43.23
593.522	9.80
595.282	25.81
597.042	22.85
598.801	65.31
600.56	20.32
602.318	32.05
604.075	37.93
605.832	-18.83
607.588	41.93
609.345	30.78
611.1	-2.99
612.857	51.10
614.611	38.06
616.367	78.0
618.12	127.53
619.873	76.92
621.626	62.49
623.378	29.34
625.131	72.03
626.882	72.98
628.634	26.28
630.385	56.95
632.136	36.11
633.884	28.26
635.634	52.4
637.384	74.61
639.132	59.02
640.881	96.39
642.627	75.25
644.374	6.95
646.122	23.45
647.868	15.34
649.613	-2.18
651.358	6.72
653.103	6.35
654.847	54.88
656.591	17.09
658.335	-9.38
660.078	33.57
661.822	54.22
663.562	26.47
665.305	-21.6
667.047	26.04
668.786	11.76
670.528	36.66
672.267	16.42
674.006	46.84
675.746	23.22
677.484	-0.65
679.222	13.3
680.959	-13.73
682.696	34.45
684.433	-4.42
686.169	5.0
687.905	-20.25
689.641	1.11
691.376	-9.67
693.109	6.16
694.844	-9.57
696.577	-38.11
698.311	-13.88
700.042	-23.70
701.776	3.71
703.507	32.55
705.237	38.47
706.97	-19.59
708.7	31.22
710.43	-0.32
712.159	22.67
713.888	51.38
715.617	44.5
717.345	26.25
719.071	26.43
720.799	-5.20
722.527	4.31
724.252	15.99
725.978	22.35
727.703	4.52
729.429	-6.21
731.153	3.02
732.876	17.47
734.601	-23.53
736.324	-8.33
738.047	-20.14
739.769	13.00
741.491	11.05
743.212	10.60
744.933	31.89
746.652	40.04
748.372	9.66
750.093	15.12
751.81	60.26
753.53	17.11
755.247	53.8
756.966	45.63
758.683	1.61
760.399	18.39
762.117	-9.84
763.832	30.60
765.547	7.89
767.262	7.67
768.977	-18.4
770.691	-51.71
772.405	-17.95
774.117	17.78
775.83	48.05
777.543	35.60
779.254	12.06
780.966	16.47
782.676	0.01
784.388	20.49
786.097	-6.38
787.806	-5.72
789.517	-35.16
791.225	-6.69
792.933	-46.99
794.641	-25.50
796.348	-18.73
798.055	28.96
799.762	27.98
801.467	15.36
803.173	34.00
804.878	84.03
806.582	20.93
808.287	61.92
809.99	80.9
811.694	85.09
813.397	78.13
815.099	93.12
816.8	130.00
818.503	131.64
820.204	181.21
821.905	188.54
823.605	144.62
825.303	178.20
827.003	140.4
828.702	181.67
830.401	140.36
832.098	199.75
833.796	159.65
835.492	177.79
837.19	188.37
838.885	166.24
840.58	153.82
842.277	266.26
843.971	246.07
845.665	266.48
847.359	307.2
849.053	271.4
850.746	305.2
852.439	247.55
854.129	242.66
855.821	202.34
857.513	214
859.203	214.52
860.894	170.68
862.583	180.38
864.272	148.9
865.962	176.90
867.65	150.40
869.338	149.14
871.025	157.94
872.712	130.89
874.399	152.53
876.085	113.81
877.772	128.59
879.457	146.00
881.143	135.03
882.826	126.34
884.511	157.91
886.193	167.40
887.878	156.47
889.56	157.95
891.241	168.19
892.924	167.26
894.605	171.78
896.286	105.36
897.966	128.64
899.647	144.96
901.326	112.21
903.006	112.22
904.685	113.80
906.362	146.13
908.04	149.20
909.716	101.39
911.394	110.53
913.07	121.85
914.747	87.63
916.422	146.34
918.096	162.64
919.773	125.66
921.447	92.4
923.12	128.95
924.794	113.11
926.467	108.71
928.138	111.78
929.81	151.32
931.482	99
933.152	102.61
934.823	152.1
936.495	96.83
938.164	111.38
939.832	59.98
941.502	38.06
943.17	7.15
944.838	-18.07
946.505	-6.31
948.172	0.04
949.839	34.67
951.506	-0.73
953.172	17.12
954.836	25.71
956.501	-30.16
958.166	11.87
959.829	-23.85
961.494	-19.4
963.156	-32.14
964.818	-36.31
966.482	-4.0
968.143	-19.69
969.804	12.84
971.465	14.49
973.125	-3.8
974.786	0.1
976.445	-31.33
978.105	15.93
979.762	-32.74
981.421	-11.72
983.08	5.68
984.736	-6.07
986.392	-12.21
988.05	25.51
989.705	39.23
991.36	36.29
993.015	67.90
994.672	139.60
996.326	286.10
997.98	372.80
999.631	416.26
1001.28	334.66
1002.94	231.50
1004.59	44.75
1006.24	56.21
1007.89	11.2
1009.54	53.53
1011.19	-2.35
1012.84	-10.84
1014.49	-21.01
1016.14	16.29
1017.79	-20.9
1019.44	-52.44
1021.08	-49.3
1022.73	5.05
1024.38	41.11
1026.03	51.43
1027.67	46.89
1029.32	80.53
1030.96	35.62
1032.61	23.89
1034.25	7.14
1035.89	14.69
1037.54	28.09
1039.18	8.50
1040.82	12.50
1042.46	32.66
1044.1	-39.59
1045.75	-7.10
1047.39	-5.85
1049.03	-13.67
1050.67	22.9
1052.31	7.83
1053.94	0.16
1055.58	54.94
1057.22	83.73
1058.86	106.79
1060.49	99.90
1062.13	136.99
1063.77	103.28
1065.4	145.11
1067.04	135.32
1068.67	85.40
1070.31	150.69
1071.94	216.4
1073.57	182.26
1075.21	223.28
1076.84	291.05
1078.47	269.21
1080.1	261.72
1081.73	278.2
1083.37	254.64
1085	242.59
1086.63	243.81
1088.26	232.43
1089.89	228.58
1091.51	243.14
1093.14	193.5
1094.77	165.74
1096.4	209.06
1098.02	160.31
1099.65	155.3
1101.28	156
1102.9	98.22
1104.53	126.99
1106.15	108.76
1107.78	109.05
1109.4	109.3
1111.02	91.20
1112.65	118.70
1114.27	137.22
1115.89	135.9
1117.51	158.58
1119.13	152.11
1120.76	183.86
1122.37	202.51
1124	120.51
1125.61	100.35
1127.23	76.68
1128.85	77.08
1130.47	34.19
1132.09	2.60
1133.71	-27.04
1135.32	-25.71
1136.94	-31.89
1138.55	-65.84
1140.17	-24.89
1141.78	-55.5
1143.4	-64.32
1145.01	-56.74
1146.63	-21.76
1148.24	-69.25
1149.85	-8.62
1151.47	-22.91
1153.08	-5.90
1154.69	-23.54
1156.3	-8.11
1157.91	-80.76
1159.52	-30.75
1161.13	-36.1
1162.74	-80.24
1164.35	-0.03
1165.96	4.94
1167.57	-41.36
1169.17	18.49
1170.78	-9.40
1172.39	-44.65
1173.99	-61.84
1175.6	-86.55
1177.21	-62.28
1178.81	-78.04
1180.42	-91.76
1182.02	-81.57
1183.62	-53.00
1185.22	-89.46
1186.83	-80.64
1188.43	-59.25
1190.03	-90.39
1191.63	-61.89
1193.24	-53.19
1194.84	-35.33
1196.44	2.48
1198.04	11.5
1199.64	65.60
1201.24	63.75
1202.83	106.9
1204.43	108.44
1206.03	79.40
1207.63	91.8
1209.22	70.3
1210.82	56.21
1212.41	56.87
1214.01	14.60
1215.6	66.1
1217.2	78.07
1218.79	91.85
1220.39	147.11
1221.98	224.09
1223.57	199.99
1225.17	157.68
1226.76	223.67
1228.35	240.70
1229.94	268.55
1231.53	269.36
1233.12	301.22
1234.71	309.91
1236.3	306.16
1237.89	276.97
1239.48	331.01
1241.07	313.82
1242.65	365.29
1244.24	380.22
1245.83	338.9
1247.41	386.85
1249	347.85
1250.59	381.7
1252.17	390.10
1253.75	416.38
1255.34	407.65
1256.92	405.78
1258.51	399.95
1260.09	424.88
1261.67	427.87
1263.25	418.12
1264.84	404.76
1266.42	400.56
1268	369.3
1269.58	387.1
1271.16	397.9
1272.74	359.80
1274.31	330.74
1275.89	359.47
1277.47	322.74
1279.05	310.99
1280.63	409.04
1282.2	387.54
1283.78	400.25
1285.35	382.5
1286.93	471.27
1288.51	463.32
1290.08	518.55
1291.65	500.29
1293.23	609.39
1294.8	582.05
1296.38	626.42
1297.95	656.50
1299.52	593.50
1301.09	620.02
1302.66	628.51
1304.23	568.88
1305.8	545.14
1307.37	546.8
1308.94	490.14
1310.51	523.56
1312.08	407.20
1313.65	443.07
1315.22	441.25
1316.78	453.55
1318.35	368.79
1319.92	384.70
1321.48	384.79
1323.05	336.62
1324.61	376.91
1326.18	321.6
1327.74	349.02
1329.31	358.21
1330.87	338.33
1332.43	362.07
1334	357
1335.56	330.60
1337.12	318.78
1338.68	327.02
1340.24	309.7
1341.8	272.16
1343.36	221.84
1344.92	219.32
1346.48	182.1
1348.04	152.0
1349.6	149.24
1351.16	138.47
1352.71	108.43
1354.27	90.72
1355.83	65.26
1357.38	67.6
1358.94	75.71
1360.49	84.21
1362.05	96.78
1363.6	29.60
1365.16	62.6
1366.71	82.28
1368.26	45.64
1369.82	19.67
1371.37	-2.97
1372.92	29.88
1374.47	23.52
1376.02	15.23
1377.57	6.89
1379.12	17.01
1380.67	-11.73
1382.22	-29.35
1383.77	4.7
1385.32	-0.00
1386.87	61.18
1388.42	33.9
1389.96	57.66
1391.51	24.4
1393.06	67.74
1394.6	72.62
1396.15	86.8
1397.69	64.88
1399.24	90.54
1400.78	67.48
1402.32	80.8
1403.87	63.38
1405.41	62.12
1406.95	46.23
1408.5	57.32
1410.04	71.94
1411.58	90.28
1413.12	89.17
1414.66	61.54
1416.2	143.46
1417.74	145.01
1419.28	105.51
1420.82	160.77
1422.35	187.27
1423.89	238.69
1425.43	263.27
1426.97	373.66
1428.5	441.43
1430.04	564.97
1431.57	651.54
1433.11	724.37
1434.64	867.29
1436.18	899.55
1437.71	901.20
1439.25	922.35
1440.78	964.77
1442.31	962.31
1443.84	1011.97
1445.37	988.25
1446.91	943.19
1448.44	984.62
1449.97	871.48
1451.5	888.14
1453.03	876.20
1454.56	815.58
1456.08	828.96
1457.61	791.38
1459.14	686.1
1460.67	725.31
1462.2	662.43
1463.72	555.71
1465.25	503.40
1466.77	403.88
1468.3	355.15
1469.82	342.54
1471.35	253.50
1472.87	242.44
1474.4	167.94
1475.92	164.38
1477.44	164.59
1478.97	144.84
1480.49	157.53
1482.01	128.10
1483.53	83.87
1485.05	92.04
1486.57	67.590
1488.09	55.868
1489.61	40.538
1491.13	62.966
1492.65	34.650
1494.17	22.346
1495.68	13.540
1497.2	15.637
1498.72	-3.443
1500.24	-22.133
1501.75	-42.354
1503.27	-26.805
1504.78	-34.596
1506.3	-1.653
1507.81	-31.222
1509.33	-25.323
1510.84	-33.631
1512.35	9.440
1513.86	-18.085
1515.38	-1.304
1516.89	-11.58
1518.4	15.593
1519.91	-25.789
1521.42	-37.222
1522.93	-9.992
1524.44	-5.478
1525.95	-16.60
1527.46	17.891
1528.97	1.596
1530.47	0.91
1531.98	-15.698
1533.49	-1.003
1535	20.691
1536.5	-0.879
1538.01	33.72
1539.51	51.419
1541.02	43.394
1542.53	33.810
1544.03	46.924
1545.53	72.200
1547.04	65.889
1548.54	94.466
1550.04	93.223
1551.54	86.676
1553.05	87.130
1554.55	52.538
1556.05	90.026
1557.55	64.519
1559.05	86.736
1560.55	100.443
1562.05	82.565
1563.54	87.636
1565.04	96.182
1566.54	92.200
1568.04	130.713
1569.54	112.30
1571.03	125.809
1572.53	126.800
1574.02	149.169
1575.52	157.32
1577.02	203.16
1578.51	195.5
1580	254.36
1581.5	228.93
1582.99	246.43
1584.48	204.27
1585.98	177.95
1587.47	185.62
1588.96	142.734
1590.45	181.01
1591.94	188.79
1593.43	166.02
1594.92	181.26
1596.41	192.87
1597.9	216.99
1599.39	257.15
1600.88	249.92
1602.37	235.18
1603.85	254.65
1605.34	283.0
1606.83	262.47
1608.31	270.68
1609.8	247.98
1611.28	270.2
1612.77	281.6
1614.25	316.37
1615.74	326.06
1617.22	262.16
1618.7	284.48
1620.19	268.93
1621.67	272.91
1623.15	305.38
1624.63	298.47
1626.11	320.28
1627.59	319.07
1629.07	360.84
1630.55	370.68
1632.03	348.58
1633.51	399.41
1634.99	435.83
1636.47	416.95
1637.95	484.83
1639.43	513.54
1640.9	590.22
1642.38	585.90
1643.85	714.93
1645.33	745.51
1646.81	815.49
1648.28	906.95
1649.75	978.83
1651.23	970.62
1652.7	1047.2
1654.18	1001.20
1655.65	926.90
1657.12	876.1
1658.59	824.01
1660.06	792.11
1661.53	676.90
1663.01	670.39
1664.48	604.79
1665.95	558.36
1667.41	559.8
1668.89	542.90
1670.35	516.81
1671.82	470.89
1673.29	459.13
1674.76	434.97
1676.22	412.77
1677.69	349.24
1679.16	336.13
1680.62	326.6
1682.09	279.06
1683.55	236.86
1685.02	198.22
1686.48	195.80
1687.94	166.06
1689.41	106.948
1690.87	129.134
1692.33	67.282
1693.79	43.334
1695.26	35.704
1696.72	28.233
1698.18	-2.576
1699.64	-14.971
1701.1	0.023
1702.56	-56.350
1704.02	-40.859
1705.48	-49.304
1706.93	-41.719
1708.39	-34.194
1709.85	-15.856
1711.31	-4.846
1712.76	-4.030
1714.22	-7.128
1715.67	-1.304
1717.13	-4.584
1718.58	-15.092
1720.04	-7.433
1721.49	-12.221
1722.95	10.218
1724.4	34.580
1725.85	41.005
1727.3	31.159
1728.76	30.094
1730.21	35.89
1731.66	77.204
1733.11	71.773
1734.56	61.019
1736.01	93.20
1737.46	106.026
1738.91	104.935
1740.36	134.251
1741.81	126.306
1743.25	118.179
1744.7	125.734
1746.15	122.376
1747.59	104.772
1749.04	108.536
1750.49	103.814
1751.93	62.496
1753.38	70.796
1754.82	35.160
1756.27	29.392
1757.71	30.482
1759.15	15.624
1760.6	-4.480
1762.04	0.011
1763.48	-1.540
1764.92	-13.50
1766.36	-18.370
1767.8	-3.872
1769.24	-12.156
1770.68	-23.865
1772.12	3.240
1773.56	-4.674
1775	-24.832
1776.44	-13.246
1777.88	-31.68
1779.32	-6.030
1780.75	-10.478
1782.19	-36.214
1783.63	3.559
1785.06	-34.552
1786.5	-15.861
1787.93	-5.940
1789.37	-20.866
1790.8	-5.591
1792.23	-9.963
1793.67	-25.109
1795.1	-27.798
1796.53	-30.440
1797.97	2.780
1799.4	-35.521
1800.83	-23.710
1802.26	-26.34
1803.69	-29.138
1805.12	-12.330
1806.55	-49.560
1807.98	-23.890
1809.41	-19.732
1810.84	-1.057
1812.26	-0.253
1813.69	-4.78
1815.12	-16.53
1816.55	-31.997
1817.97	-29.567
1819.4	-11.056
1820.83	5.447
1822.25	-8.95
1823.68	-30.714
1825.1	-23.713
1826.52	-23.977
1827.95	17.188
1829.37	-18.90
1830.79	-18.882
1832.22	-9.831
1833.64	-17.017
1835.06	-29.760
1836.48	-46.291
1837.9	-54.000
1839.32	-4.584
1840.74	-26.507
1842.16	-39.261
1843.58	-12.647
1845	-26.881
1846.42	-48.239
1847.83	-43.050
1849.25	-4.811
1850.67	-23.410
1852.09	-24.542
1853.5	-6.394
1854.92	-24.928
1856.33	-13.230
1857.75	-17.620
1859.16	-13.708
1860.58	3.477
1861.99	-33.417
1863.4	-8.064
1864.82	-14.028
1866.23	-24.464
1867.64	-39.380
1869.05	-12.179
1870.46	-6.204
1871.88	-16.698
1873.29	-9.257
1874.69	-18.098
1876.11	-13.95
1877.51	-19.113
1878.92	-40.587
1880.33	12.559
1881.74	-16.587
1883.15	-33.13
1884.56	-29.840
1885.96	-25.947
1887.37	-34.937
1888.77	2.901
1890.18	-7.651
1891.58	-16.202
1892.99	-45.692
1894.39	-15.342
1895.8	-6.725
1897.2	-30.90
1898.61	-24.788
1900.01	-1.723
1901.41	-3.954
1902.81	-17.491
1904.21	-18.095
1905.61	-1.800
1907.02	-9.934
1908.42	-13.681
1909.82	-12.725
1911.22	-18.064
1912.61	-15.847
1914.01	-33.833
1915.41	-19.464
1916.81	-18.314
1918.21	16.814
1919.6	-1.209
1921	0.216
1922.4	-6.118
1923.79	8.480
1925.19	-7.650
1926.58	3.308
1927.98	-1.877
1929.37	2.420
1930.76	1.89
1932.16	1.516
1933.55	5.863
1934.94	9.846
1936.34	16.003
1937.73	23.311
1939.12	-3.194
1940.51	4.411
1941.9	9.463
1943.29	-0.021
1944.68	-1.219
1946.07	2.926
1947.46	2.752
1948.85	-4.56
1950.24	8.732
1951.62	3.84
1953.01	6.101
1954.4	0.911
1955.78	20.006
1957.17	22.275
1958.56	0.374
1959.94	0.383
1961.33	12.251
1962.71	10.413
1964.1	14.753
1965.48	6.23
1966.86	19.744
1968.25	8.925
1969.63	16.616
1971.01	-6.794
1972.39	17.323
1973.77	24.925
1975.15	9.622
1976.53	-0.393
1977.91	-1.05
1979.29	10.689
1980.67	-10.477
1982.05	-9.496
1983.43	10.537
1984.81	12.885
1986.19	2.762
1987.56	2.02
1988.94	-10.155
1990.32	-16.487
1991.69	-8.224
1993.07	-13.59
1994.44	-15.433
1995.43	-12.094
1996.86	-11.946
1998.29	1.924
1999.72	27.804
2001.15	-6.122
2002.58	-22.92
2004.02	40.833
2005.45	-6.615
2006.88	7.727
2008.31	-24.25
2009.73	-18.485
2011.16	-4.200
2012.59	-8.959
2014.02	5.202
2015.45	2.200
2016.88	8.017
2018.3	0.24
2019.73	3.012
2021.16	-6.307
2022.58	-7.029
2024.01	23.501
2025.44	15.635
2026.86	-9.695
2028.29	-27.949
2029.71	11.836
2031.13	44.879
2032.56	-6.622
2033.98	19.235
2035.4	2.481
2036.83	-0.275
2038.25	5.871
2039.67	15.742
2041.09	16.901
2042.51	3.816
2043.93	-4.097
2045.35	18.147
2046.78	16.877
2048.2	-0.657
2049.61	23.145
2051.03	-1.353
2052.45	12.025
2053.87	34.418
2055.29	49.390
2056.71	36.915
2058.12	16.868
2059.54	27.326
2060.96	43.249
2062.37	12.533
2063.79	18.140
2065.2	16.700
2066.62	27.886
2068.03	42.497
2069.45	24.262
2070.86	39.964
2072.28	40.858
2073.69	32.510
2075.1	27.674
2076.52	10.327
2077.93	27.175
2079.34	45.944
2080.75	20.191
2082.16	28.467
2083.57	15.32
2084.98	78.64
2086.39	47.414
2087.8	78.261
2089.21	46.880
2090.62	70.370
2092.03	42.531
2093.44	71.131
2094.85	46.859
2096.26	75.359
2097.66	70.588
2099.07	41.524
2100.48	68.60
2101.88	80.024
2103.29	91.434
2104.7	76.632
2106.1	67.001
2107.51	73.014
2108.91	106.856
2110.31	95.726
2111.72	98.576
2113.12	122.183
2114.52	107.622
2115.93	86.050
2117.33	100.674
2118.73	104.993
2120.13	124.958
2121.54	134.788
2122.94	141.349
2124.34	192.705
2125.74	154.735
2127.14	185.577
2128.54	182.155
2129.94	225.311
2131.34	201.606
2132.73	221.07
2134.13	188.970
2135.53	237.891
2136.93	257.531
2138.33	232.244
2139.72	232.814
2141.12	235.113
2142.51	204.554
2143.91	229.427
2145.3	235.307
2146.7	218.685
2148.1	224.700
2149.49	223.900
2150.88	244.151
2152.28	224.44
2153.67	215.160
2155.06	214.468
2156.46	182.024
2157.85	224.695
2159.24	233.996
2160.63	241.615
2162.02	223.083
2163.41	245.215
2164.8	255.244
2166.19	214.17
2167.58	252.495
2168.97	225.369
2170.36	242.467
2171.75	222.33
2173.14	209.242
2174.53	251.218
2175.92	257.449
2177.3	233.11
2178.69	244.195
2180.08	228.328
2181.46	249.833
2182.85	212.318
2184.23	208.647
2185.62	187.058
2187	194.027
2188.39	183.20
2189.77	177.814
2191.16	186.785
2192.54	210.038
2193.92	199.258
2195.31	181.147
2196.69	209.208
2198.07	154.991
2199.45	148.768
2200.83	172.674
2202.21	137.879
2203.59	151.163
2204.98	127.372
2206.36	125.08
2207.74	133.567
2209.11	117.30
2210.49	136.370
2211.87	111.070
2213.25	121.005
2214.63	91.992
2216	80.604
2217.38	106.170
2218.76	122.806
2220.14	95.372
2221.51	118.752
2222.89	99.980
2224.26	79.518
2225.64	74.877
2227.01	77.299
2228.39	85.010
2229.76	85.793
2231.13	76.155
2232.51	89.035
2233.88	86.274
2235.25	62.810
2236.63	49.866
2238	83.662
2239.37	46.869
2240.74	68.75
2242.11	35.505
2243.48	65.877
2244.85	54.907
2246.22	59.395
2247.59	31.326
2248.96	29.072
2250.33	8.037
2251.7	53.803
2253.06	48.20
2254.43	11.837
2255.8	25.089
2257.17	28.16
2258.53	31.352
2259.9	9.09
2261.27	14.286
2262.63	40.07
2264	26.57
2265.36	43.761
2266.73	-12.641
2268.09	-5.875
2269.45	16.251
2270.82	21.321
2272.18	12.795
2273.54	18.034
2274.91	11.379
2276.27	-0.352
2277.63	-0.056
2278.99	-11.704
2280.35	2.392
2281.71	-9.212
2283.07	25.528
2284.43	19.044
2285.79	-2.955
2287.15	-12.943
2288.51	-12.586
2289.87	8.507
2291.23	-4.806
2292.59	12.965
2293.94	4.841
2295.3	8.780
2296.66	16.158
2298.01	1.022
2299.37	-17.592
2300.73	3.694
2302.08	-18.400
2303.44	-4.039
2304.79	1.631
2306.15	3.826
2307.5	-9.647
2308.86	-14.410
2310.21	-27.927
2311.56	14.383
2312.91	-13.3
2314.27	-6.122
2315.62	-7.794
2316.97	-21.754
2318.32	6.276
2319.67	-14.661
2321.02	13.423
2322.37	-0.495
2323.72	15.361
2325.07	6.740
2326.42	-0.060
2327.77	0.240
2329.12	7.61
2330.47	-11.358
2331.82	-2.334
2333.16	3.06
2334.51	-2.18
2335.86	20.690
2337.2	8.444
2338.55	1.520
2339.89	22.750
2341.24	-10.600
2342.59	-26.455
2343.93	-10.747
2345.27	-26.80
2346.62	-21.810
2347.96	13.04
2349.31	-10.064
2350.65	9.097
2351.99	-10.26
2353.33	-6.661
2354.67	-27.606
2356.02	-2.866
2357.36	-8.084
2358.7	-23.951
2360.04	-53.957
2361.38	-25.97
2362.72	-10.290
2364.06	-20.955
2365.4	-14.009
2366.74	-15.828
2368.07	5.202
2369.41	-37.083
2370.75	-17.933
2372.09	-7.663
2373.43	6.072
2374.76	18.096
2376.1	-18.9
2377.43	-6.534
2378.77	-32.700
2380.1	-21.985
2381.44	-0.787
2382.78	-7.773
2384.11	-4.218
2385.44	1.176
2386.78	-10.920
2388.11	-8.911
2389.44	-12.256
2390.78	-17.527
2392.11	-15.940
2393.44	-3.929
2394.77	-34.188
2396.1	-13.401
2397.43	-27.700
2398.76	-13.784
2400.09	-8.570
2401.42	-3.302
2402.75	3.728
2404.08	-6.889
2405.41	6.967
2406.74	-19.727
2408.07	7.926
2409.39	-20.591
2410.72	-5.174
2412.05	29.613
2413.38	-0.377
2414.7	22.217
2416.03	20.253
2417.35	11.257
2418.68	12.764
2420	2.039
2421.33	-12.165
2422.65	15.621
2423.98	1.439
2425.3	20.525
2426.62	-21.522
2427.95	-23.321
2429.27	18.535
2430.59	-14.949
2431.91	7.257
2433.24	6.524
2434.56	10.917
2435.88	3.162
2437.2	11.228
2438.52	-3.109
2439.84	7.034
2441.16	-20.981
2442.48	13.446
2443.79	9.484
2445.11	-20.727
2446.43	-4.394
2447.75	23.827
2449.07	-3.167
2450.38	-12.594
2451.7	-4.405
2453.02	-7.906
2454.33	16.327
2455.65	-5.950
2456.96	-0.853
2458.28	-18.313
2459.59	3.765
2460.91	-6.766
2462.22	5.236
2463.53	27.703
2464.85	-13.478
2466.16	-27.22
2467.47	5.342
2468.78	-3.604
2470.1	-36.785
2471.41	5.607
2472.72	6.790
2474.03	-0.437
2475.34	-22.855
2476.65	6.435
2477.96	8.440
2479.27	19.04
2480.58	-3.152
2481.89	3.6
2483.2	-37.913
2484.5	-10.812
2485.81	-29.96
2487.12	-2.528
2488.43	-14.300
2489.73	-7.005
2491.04	-9.981
2492.35	-25.110
2493.65	-31.805
2494.96	-31.75
2496.26	16.481
2497.57	-9.303
2498.87	-35.015
2500.17	1.389
2501.48	-25.928
2502.78	-3.218
2504.08	-49.552
2505.39	-16.489
2506.69	-9.330
2507.99	-3.907
2509.29	-3.685
2510.59	-1.74
2511.89	-10.164
2513.19	2.253
2514.49	-9.497
2515.79	-10.787
2517.09	-1.662
2518.39	-6.516
2519.69	-13.26
2520.99	-6.219
2522.29	-7.906
2523.59	14.839
2524.88	-2.291
2526.18	-3.674
2527.48	-6.810
2528.77	2.153
2530.07	-37.844
2531.37	0.575
2532.66	-16.797
2533.96	13.034
2535.25	8.031
2536.54	-5.76
2537.84	15.227
2539.13	8.031
2540.43	-13.316
2541.72	-20.76
2543.01	-5.480
2544.3	-12.753
2545.59	25.410
2546.89	4.420
2548.18	16.592
2549.47	16.600
2550.76	2.689
2552.05	16.667
2553.34	4.447
2554.63	40.905
2555.92	12.686
2557.21	-6.981
2558.5	6.32
2559.78	16.123
2561.07	-0.583
2562.36	22.088
2563.65	8.449
2564.93	12.246
2566.22	24.674
2567.51	-1.172
2568.79	26.615
2570.08	-6.397
2571.36	7.302
2572.65	1.912
2573.93	17.281
2575.22	-8.773
2576.5	-1.942
2577.78	41.160
2579.07	36.061
2580.35	17.289
2581.63	34.763
2582.91	5.773
2584.19	24.98
2585.47	-4.073
2586.76	20.109
2588.04	23.527
2589.32	7.952
2590.6	7.852
2591.88	-4.188
2593.16	7.897
2594.43	2.941
2595.71	-0.234
2596.99	5.202
2598.27	-13.336
2599.55	12.696
2600.83	-2.400
2602.1	16.763
2603.38	3.305
2604.65	10.335
2605.93	-18.666
2607.2	12.243
2608.48	36.34
2609.76	4.118
2611.03	1.1
2612.3	-3.547
2613.58	27.688
2614.85	-16.438
2616.12	0.908
2617.4	-10.889
2618.67	-12.364
2619.94	-1.715
2621.21	-1.097
2622.49	-7.110
2623.76	2.442
2625.03	13.752
2626.3	-19.625
2627.57	29.160
2628.84	15.966
2630.11	0.915
2631.38	-7.289
2632.64	30.955
2633.91	5.779
2635.18	-2.153
2636.45	5.383
2637.72	-23.229
2638.98	-29.527
2640.25	-1.415
2641.52	6.146
2642.78	-1.67
2644.05	6.060
2645.31	-8.599
2646.58	-26.796
2647.84	-31.292
2649.11	-18.7
2650.37	-25.148
2651.64	-19.701
2652.9	2.892
2654.16	-22.864
2655.42	-2.013
2656.69	-20.683
2657.95	2.217
2659.21	2.893
2660.47	1.946
2661.73	0.97
2662.99	-0.138
2664.25	12.351
2665.51	-28.872
2666.77	4.019
2668.03	-9.658
2669.29	-31.816
2670.55	20.344
2671.81	5.391
2673.06	19.802
2674.32	16.86
2675.58	1.671
2676.84	3.519
2678.09	8.634
2679.35	6.724
2680.6	25.452
2681.86	14.987
2683.12	1.24
2684.37	-19.187
2685.62	8.606
2686.88	17.520
2688.13	19.504
2689.39	7.59
2690.64	12.694
2691.89	24.506
2693.14	27.680
2694.4	29.178
2695.65	8.588
2696.9	17.258
2698.15	27.781
2699.4	48.617
2700.65	43.751
2701.9	45.580
2703.15	59.20
2704.4	74.419
2705.65	72.584
2706.9	84.508
2708.15	84.590
2709.4	48.868
2710.64	115.229
2711.89	118.482
2713.14	96.243
2714.38	130.252
2715.63	121.920
2716.88	134.095
2718.12	153.051
2719.37	137.880
2720.61	161.588
2721.86	161.396
2723.1	171.411
2724.34	168.00
2725.59	156.287
2726.83	144.712
2728.08	155.196
2729.32	150.455
2730.56	152.529
2731.8	144.542
2733.04	112.963
2734.28	88.22
2735.53	104.084
2736.77	90.950
2738.01	75.851
2739.25	67.305
2740.49	101.008
2741.73	45.140
2742.96	21.784
2744.2	34.355
2745.44	-1.83
2746.68	1.096
2747.92	39.631
2749.15	42.365
2750.39	9.145
2751.63	-7.29
2752.86	-10.193
2754.1	5.633
2755.34	-7.36
2756.57	-25.394
2757.8	-16.230
2759.04	-51.371
2760.27	-13.380
2761.51	-28.176
2762.74	-8.891
2763.97	-27.020
2765.21	-21.289
2766.44	16.831
2767.67	-8.118
2768.9	-45.056
2770.14	-56.494
2771.37	-47.51
2772.6	-40.261
2773.83	-34.728
2775.06	-18.955
2776.29	-37.24
2777.52	-31.596
2778.75	-70.230
2779.97	-32.06
2781.2	-46.780
2782.43	-37.655
2783.66	-42.266
2784.89	-14.535
2786.11	-46.607
2787.34	-8.739
2788.57	-40.841
2789.79	-40.493
2791.02	-28.200
2792.25	-31.242
2793.47	-37.644
2794.7	0.4
2795.92	-19.537
2797.14	-0.2
2798.37	-9.895
2799.59	4.168
2800.81	4.443
2802.04	-1.738
2803.26	15.664
2804.48	-14.632
2805.7	21.606
2806.92	40.722
2808.15	52.80
2809.37	45.958
2810.59	27.050
2811.81	31.955
2813.03	53.989
2814.25	72.875
2815.47	59.783
2816.68	109.79
2817.9	69.78
2819.12	116.33
2820.34	127.00
2821.56	130.71
2822.77	200.64
2823.99	229.85
2825.21	165.79
2826.42	271.5
2827.64	341.47
2828.85	355.17
2830.07	473.7
2831.28	490.35
2832.5	567.84
2833.71	633.56
2834.93	768.85
2836.14	911.25
2837.35	1035
2838.57	1307.04
2839.78	1543.35
2840.99	1850.74
2842.2	2215.50
2843.41	2515.67
2844.62	2903.62
2845.84	3216.88
2847.05	3497.91
2848.26	3626.53
2849.47	3694.19
2850.67	3670.47
2851.88	3646.7
2853.09	3516.43
2854.3	3545.22
2855.51	3384.77
2856.72	3341.35
2857.92	3337.51
2859.13	3248.22
2860.34	3212.26
2861.54	3154.91
2862.75	3216.18
2863.96	3271.88
2865.16	3343.68
2866.37	3414.50
2867.57	3549.29
2868.77	3616.22
2869.98	3768.49
2871.18	3714.44
2872.39	3701.68
2873.59	3789.51
2874.79	3892.65
2875.99	3885.05
2877.2	3906.07
2878.4	3840.40
2879.6	3906.30
2880.8	3962.92
2882	4001.67
2883.2	4052.58
2884.4	4068.62
2885.6	4088.24
2886.8	4131.90
2888	4159.39
2889.2	4160.07
2890.4	4239.28
2891.6	4250.48
2892.79	4285.44
2893.99	4305.29
2895.19	4288.29
2896.39	4338.4
2897.58	4350.84
2898.78	4389.65
2899.97	4443.53
2901.17	4430.80
2902.36	4412.14
2903.56	4480.41
2904.75	4504.94
2905.95	4555.35
2907.14	4565.49
2908.33	4555.30
2909.53	4664.10
2910.72	4720.59
2911.91	4760.14
2913.1	4793.79
2914.3	4909.3
2915.49	5080.21
2916.68	5030.23
2917.87	5008.01
2919.06	5101.10
2920.25	5182.55
2921.44	5344.16
2922.63	5275.70
2923.82	5462.05
2925.01	5419.19
2926.2	5412.89
2927.38	5432.26
2928.57	5438.79
2929.76	5478.33
2930.95	5453.3
2932.13	5431.18
2933.32	5416.23
2934.51	5368
2935.69	5213.49
2936.88	5052.47
2938.06	4954.25
2939.25	4807.68
2940.43	4478.70
2941.62	4322.14
2942.8	4151.06
2943.98	3948.37
2945.17	3774.82
2946.35	3706.35
2947.53	3535.30
2948.71	3409.3
2949.9	3304.60
2951.08	3189.51
2952.26	3167.49
2953.44	3039.61
2954.62	2978.55
2955.8	2967.61
2956.98	2806.41
2958.16	2770.85
2959.34	2698.69
2960.52	2693.54
2961.7	2665.52
2962.87	2569.03
2964.05	2471.60
2965.23	2333.70
2966.41	2250.06
2967.58	2239.48
2968.76	2137.84
2969.94	2085.44
2971.11	1986.42
2972.29	1923.91
2973.46	1830.94
2974.64	1752.69
2975.81	1724.5
2976.99	1636.38
2978.16	1520.3
2979.33	1516.14
2980.51	1372.38
2981.68	1408.8
2982.85	1382.21
2984.02	1274.08
2985.2	1229.06
2986.37	1177.17
2987.54	1115.02
2988.71	1047.76
2989.88	1022.13
2991.05	970.31
2992.22	933.99
2993.39	889.94
2994.56	879.53
2995.73	799.55
2996.9	764.32
2998.07	763.65
2999.23	754.25
3000.4	741.05
3001.57	671.05
3002.74	683.97
3003.9	677.16
3005.07	645.76
3006.24	648.1
3007.4	554.65
3008.57	536.25
3009.73	461.60
3010.9	421.70
3012.06	398.17
3013.22	332.71
3014.39	280.12
3015.55	260.59
3016.71	177.88
3017.88	150.32
3019.04	143.31
3020.2	85.43
3021.36	54.66
3022.52	20.71
3023.69	29.80
3024.85	8.22
3026.01	-4
3027.17	1.49
3028.33	-16.75
3029.49	-76.07
3030.65	-30.65
3031.8	-17.68
3032.96	27.69
3034.12	6.17
3035.28	33.44
3036.44	23.93
3037.59	66.19
3038.75	64.84
3039.91	71
3041.06	91.9
3042.22	69.51
3043.37	126.16
3044.53	116.97
3045.68	137.23
3046.84	147.1
3047.99	189.50
3049.15	188.09
3050.3	234.38
3051.45	266.31
3052.6	289.51
3053.76	363.54
3054.91	356.18
3056.06	393.87
3057.21	414.97
3058.36	435.19
3059.52	441.92
3060.67	470.73
3061.82	471.64
3062.97	499.36
3064.12	435.46
3065.27	431.93
3066.41	419.25
3067.56	427.25
3068.71	450.24
3069.86	435.11
3071.01	453.18
3072.15	398.3
3073.3	389.14
3074.45	371.15
3075.59	407.94
3076.74	418.26
3077.89	416.5
3079.03	401.55
3080.18	406.91
3081.32	422.00
3082.46	452.83
3083.61	468.52
3084.75	481
3085.9	483.04
3087.04	472.86
3088.18	506.98
3089.33	507.03
3090.47	502.08
3091.61	564.85
3092.75	575.85
3093.89	604.47
3095.03	613.21
3096.17	597.14
3097.31	663.18
3098.45	659.0
3099.59	694.94
3100.73	715.43
3101.87	709.19
3103.01	739.74
3104.15	733.30
3105.28	755.83
3106.42	801.56
3107.56	843.79
3108.69	849.9
3109.83	862.68
3110.97	907.41
3112.1	920.13
3113.24	931.0
3114.37	955.73
3115.51	993.13
3116.64	1017.19
3117.78	1053.31
3118.91	1041.81
3120.05	1075.2
3121.18	1122.98
3122.31	1145.48
3123.45	1140.89
3124.58	1151.07
3125.71	1190.48
3126.84	1239.40
3127.97	1248.37
3129.1	1226.27
3130.23	1304.07
3131.36	1315.94
3132.49	1317
3133.62	1329.72
3134.75	1429.20
3135.88	1448.38
3137.01	1451.62
3138.14	1499.53
3139.27	1543.03
3140.4	1525.39
3141.52	1534.5
3142.65	1567.33
3143.78	1588.67
3144.9	1632.56
3146.03	1651.66
3147.16	1661.33
3148.28	1710.0
3149.02	1727.87
3150.2	1750.1
3151.38	1839.23
3152.56	1763.15
3153.74	1832.04
3154.92	1899.40
3156.1	1879.12
3157.29	1941.01
3158.47	1968.81
3159.65	2002.77
3160.83	2033.65
3162	1994.99
3163.18	2057.12
3164.36	2071.23
3165.54	2102.34
3166.72	2199.0
3167.9	2211.57
3169.08	2234.42
3170.25	2262.50
3171.43	2276.59
3172.61	2269.22
3173.78	2308.04
3174.96	2367.27
3176.14	2384.80
3177.31	2422.4
3178.49	2422.77
3179.66	2421.52
3180.84	2542.82
3182.01	2546.42
3183.19	2559.76
3184.36	2532.23
3185.53	2598.13
3186.71	2578.04
3187.88	2650.2
3189.05	2667.31
3190.22	2669.31
3191.4	2680.00
3192.57	2785.69
3193.74	2750.87
3194.91	2841.57
3196.08	2788.85
3197.25	2851.72
3198.42	2832.23
3199.59	2930.88
3200.77	2927.93
3201.93	2901.57
3203.1	2947.0
3204.27	2963.4
3205.44	3068.8
3206.61	3110.83
3207.78	3054.41
3208.95	3021.40
3210.11	3032.76
3211.28	3082.25
3212.45	3054.56
3213.62	3120.34
3214.78	3191.81
3215.95	3172.86
3217.11	3200.33
3218.28	3216.89
3219.45	3204.38
3220.61	3169.0
3221.78	3255.86
3222.94	3258.99
3224.1	3245.21
3225.27	3273.45
3226.43	3270.58
3227.6	3325.00
3228.76	3325.92
3229.92	3292.74
3231.08	3254.52
3232.25	3317.04
3233.41	3348.33
3234.57	3379.61
3235.73	3398.11
3236.89	3441.44
3238.05	3446.2
3239.21	3451.51
3240.38	3462.30
3241.54	3436.14
3242.7	3413.44
3243.85	3460.53
3245.01	3519.9
3246.17	3454.18
3247.33	3535.81
3248.49	3486.58
3249.65	3499.51
3250.81	3456.23
3251.96	3596.22
3253.12	3528.41
3254.28	3540.42
3255.43	3537.24
3256.59	3556.10
3257.75	3561.33
3258.9	3555.04
3260.06	3572.02
3261.21	3612.61
3262.37	3590.50
3263.52	3631.95
3264.68	3662.91
3265.83	3588.34
3266.98	3662.23
3268.14	3638.06
3269.29	3668.27
3270.44	3643.15
3271.6	3689.5
3272.75	3637.71
3273.9	3713
3275.05	3681.30
3276.2	3713.7
3277.36	3725.2
3278.51	3790.62
3279.66	3697.40
3280.81	3743.22
3281.96	3764.60
3283.11	3733.21
3284.26	3735.60
3285.41	3779.98
3286.56	3780.06
3287.7	3781.9
3288.85	3831.76
3290	3801.17
3291.15	3844.03
3292.3	3844.24
3293.44	3842.83
3294.59	3819.31
3295.74	3799.91
3296.88	3833.24
3298.03	3806.29
3299.18	3838
3300.32	3836.19
3301.47	3904.54
3302.61	3850.37
3303.76	3841.7
3304.9	3835.45
3306.04	3817.75
3307.19	3902.07
3308.33	3879.04
3309.48	3793.97
3310.62	3824.14
3311.76	3900.37
3312.9	3914.64
3314.05	3872.73
3315.19	3931.52
3316.33	3886.85
3317.47	3992.97
3318.61	3899.34
3319.75	3916.69
3320.89	3933.83
3322.03	3879.36
3323.17	3944.25
3324.31	3945.99
3325.45	3873.65
3326.59	3978.76
3327.73	4000.68
3328.87	3920.39
3330.01	3913.60
3331.14	3977.47
3332.28	3903.58
3333.42	3923.3
3334.56	3966.1
3335.69	3938.59
3336.83	4020.36
3337.97	4047.43
3339.1	3973.16
3340.24	4088.15
3341.37	4006.00
3342.51	4068.91
3343.64	4074.85
3344.78	4060.48
3345.91	4082.90
3347.05	4094.65
3348.18	4048.47
3349.31	4151.44
3350.45	4051.17
3351.58	4170.74
3352.71	4044.88
3353.84	4196.65
3354.98	4142.31
3356.11	4195.21
3357.24	4173.34
3358.37	4082.00
3359.5	4157.99
3360.63	4113.35
3361.76	4222.58
3362.89	4192.17
3364.02	4166.0
3365.15	4201.43
3366.28	4166.25
3367.41	4225.83
3368.54	4259.43
3369.67	4216.24
3370.79	4271.62
3371.92	4314.53
3373.05	4301.9
3374.18	4303.52
3375.3	4299.05
3376.43	4381.82
3377.56	4245.71
3378.68	4299.19
3379.81	4306.58
3380.93	4287.0
3382.06	4352.4
3383.18	4417.58
3384.31	4340.94
3385.43	4338.81
3386.56	4319.96
3387.68	4374.55
3388.8	4369.48
3389.93	4333.62
3391.05	4366.42
3392.17	4340.14
3393.29	4364.10
3394.42	4392.16
3395.54	4403.36
3396.66	4422.72
3397.78	4377.59
3398.9	4397.27
3400.02	4384.37
3401.14	4389.07
3402.26	4432.74
3403.38	4386.22
3404.5	4446.03
3405.62	4424.59
3406.74	4397.88
3407.86	4403.58
3408.98	4442.86
3410.1	4466.21
3411.21	4440.75
3412.33	4468.14
3413.45	4426.56
3414.57	4398.06
3415.68	4449.50
3416.8	4443.21
3417.92	4446.71
3419.03	4433.6
3420.15	4366.72
3421.26	4397.64
3422.38	4372.03
3423.49	4459.25
3424.61	4375.96
3425.72	4320.04
3426.84	4404.70
3427.95	4402.13
3429.06	4348.86
3430.18	4344.94
3431.29	4331.10
3432.4	4380.37
3433.51	4333.64
3434.63	4404.33
3435.74	4320.83
3436.85	4282.25
3437.96	4320.5
3439.07	4260.83
3440.18	4287.41
3441.29	4209.46
3442.4	4274.46
3443.51	4267.88
3444.62	4297.72
3445.73	4170.45
3446.84	4235.6
3447.95	4193.11
3449.05	4223.88
3450.16	4179.81
3451.27	4217.64
3452.38	4171.94
3453.48	4063.60
3454.59	4115.4
3455.7	4078.89
3456.81	4043.01
3457.91	4118.41
3459.02	4106.2
3460.12	4015.28
3461.23	4026.53
3462.33	3972.81
3463.44	3961.44
3464.54	3998.08
3465.65	3912.04
3466.75	3936.83
3467.85	3879.61
3468.96	3897.74
3470.06	3900.16
3471.16	3872.53
3472.26	3869.23
3473.37	3862.14
3474.47	3821.29
3475.57	3813.43
3476.67	3768.87
3477.77	3775.54
3478.87	3672.37
3479.97	3694.58
3481.07	3611.94
3482.17	3677.78
3483.27	3665.56
3484.37	3620.38
3485.47	3592.75
3486.57	3514.50
3487.67	3591.64
3488.77	3481.13
3489.86	3457.40
3490.96	3509.62
3492.06	3480.15
3493.16	3491.14
3494.25	3470.22
3495.35	3403.92
3496.45	3417.9
3497.54	3403.53
3498.64	3353.41
3499.73	3330.40
3500.83	3343.06
3501.92	3243.10
3503.02	3312.91
3504.11	3236.06
3505.21	3167.19
3506.3	3202.26
3507.39	3151.29
3508.49	3095.9
3509.58	3067.75
3510.67	3101.69
3511.76	3043.4
3512.86	3016.0
3513.95	3010.10
3515.04	2909.31
3516.13	2989.64
3517.22	2945.6
3518.31	2937.12
3519.4	2943.25
3520.49	2840.6
3521.58	2859.79
3522.67	2847.41
3523.76	2870.82
3524.85	2830.49
3525.94	2789.90
3527.03	2745.31
3528.11	2733.44
3529.2	2706.56
3530.29	2702.14
3531.38	2682.22
3532.46	2666.08
3533.55	2560.60
3534.64	2602.27
3535.72	2571.61
3536.81	2555.17
3537.89	2575.51
3538.98	2544.71
3540.06	2483.44
3541.15	2471.50
3542.23	2497.48
3543.32	2448
3544.4	2417.1
3545.48	2451.86
3546.57	2411.84
3547.65	2314.9
3548.73	2343.22
3549.82	2287.67
3550.9	2345.94
3551.98	2306.9
3553.06	2283.45
3554.14	2223.99
3555.22	2251.39
3556.31	2135.97
3557.39	2182.89
3558.47	2115.08
3559.55	2138.52
3560.63	2098.86
3561.71	2150.46
3562.78	2127.51
3563.86	2021.79
3564.94	2097.00
3566.02	2060.37
3567.1	2023.44
3568.18	1964.31
3569.25	2032.47
3570.33	1966.29
3571.41	1967.15
3572.48	1915.83
3573.56	1911.92
3574.64	1855.45
3575.71	1882.68
3576.79	1867.10
3577.86	1807.23
3578.94	1826.55
3580.01	1814.26
3581.09	1786.27
3582.16	1804.2
3583.23	1762.38
3584.31	1733.35
3585.38	1698
3586.45	1691.41
3587.53	1687.84
3588.6	1666.80
3589.67	1653.49
3590.74	1682.58
3591.81	1624.74
3592.89	1593.74
3593.96	1548.80
3595.03	1564.15
3596.1	1546.81
3597.17	1515.43
3598.24	1512.27
3599.31	1513.51
3600.38	1497.21
3601.45	1465.35
3602.52	1467.16
3603.58	1363.96
3604.65	1425.0
3605.72	1403.68
3606.79	1387.85
3607.86	1353.82
3608.92	1385.70
3609.99	1290.25
3611.06	1343.8
3612.12	1322.58
3613.19	1271.76
3614.25	1285
3615.32	1238.72
3616.39	1278.38
3617.45	1270.48
3618.51	1239.00
3619.58	1171.37
3620.64	1184.41
3621.71	1161.07
3622.77	1180.31
3623.83	1139.47
3624.9	1160.45
3625.96	1126.2
3627.02	1093.65
3628.08	1118.02
3629.14	1059.87
3630.21	1074.45
3631.27	1035.10
3632.33	997.41
3633.39	1047.07
3634.45	1011.10
3635.51	1001.99
3636.57	964.13
3637.63	959.58
3638.69	929.84
3639.75	941.8
3640.81	919.19
3641.86	875.91
3642.92	895.94
3643.98	851.66
3645.04	865.71
3646.1	826.95
3647.15	816.99
3648.21	748.5
3649.27	780.85
3650.32	754.44
3651.38	742.31
3652.43	715.56
3653.49	690.10
3654.54	650.00
3655.6	656.0
3656.65	641.27
3657.71	612.32
3658.76	583.54
3659.82	532.63
3660.87	545.56
3661.92	566.36
3662.98	548.64
3664.03	514.7
3665.08	479.09
3666.13	470.75
3667.19	419.7
3668.24	402.48
3669.29	438.18
3670.34	407
3671.39	367.41
3672.44	357.92
3673.49	346.45
3674.54	334.60
3675.59	298.58
3676.64	278.42
3677.69	280.56
3678.74	279.56
3679.79	263
3680.83	265.32
3681.88	215.63
3682.93	228.18
3683.98	220.10
3685.02	207.1
3686.07	177.914
3687.12	137.324
3688.16	160.096
3689.21	136.875
3690.25	101.240
3691.3	121.437
3692.34	105.403
3693.39	70.375
3694.43	85.840
3695.48	70.966
3696.52	59.135
3697.57	74.31
3698.61	77.088
3699.65	45.353
3700.7	43.790
3701.74	26.302
3702.78	35.464
3703.82	8.022
3704.86	8.922
3705.91	-4.337
3706.95	4.647
3707.99	-1.966
3709.03	-3.712
3710.07	-0.693
3711.11	-36.458
3712.15	-30.641
3713.19	-40.738
3714.23	-49.340
3715.27	-34.307
3716.31	-34.935
3717.35	-33.853
3718.38	-40.551
3719.42	-72.352
3720.46	-42.822
3721.5	-77.861
3722.53	-64.213
3723.57	-52.103
3724.61	-61.914
3725.64	-48
3726.68	-73.30
3727.71	-76.510
3728.75	-76.574
3729.79	-67.30
3730.82	-67.621
3731.85	-56.992
3732.89	-79.342
3733.92	-76.397
3734.96	-68.530
3735.99	-55.863
3737.02	-92.095
3738.06	-68.528
3739.09	-70.354
3740.12	-67.506
3741.15	-66.177
3742.19	-72.577
3743.22	-55.204
3744.25	-63.037
3745.28	-59.844
3746.31	-55.140
3747.34	-74.23
3748.37	-68.01
3749.4	-69.660
3750.43	-61.766
3751.46	-79.222
3752.49	-57.1
3753.52	-60.471
3754.55	-43.354
3755.57	-62.853
3756.6	-72.808
3757.63	-58.871
3758.66	-70.146
3759.68	-71.769
3760.71	-58.973
3761.74	-52.524
3762.77	-41.381
3763.79	-55.827
3764.82	-51.218
3765.84	-41.86
3766.87	-35.632
3767.89	-19.849
3768.92	-61.463
3769.94	-39.415
3770.97	-44.54
3771.99	-24.243
3773.01	-37.424
3774.04	-37.736
3775.06	-49.109
3776.08	-4.485
3777.1	-28.409
3778.13	-23.582
3779.15	-28.490
3780.17	3.220
3781.19	-34.012
3782.21	-23.318
3783.23	-1.390
3784.25	-16.135
3785.27	-2.002
3786.29	-18.270
3787.31	-2.650
3788.33	-14.400
3789.35	7.317
3790.37	-7.761
3791.39	0.088
3792.41	-26.88
3793.43	10.228
3794.44	-14.923
3795.46	-25.707
3796.48	-6.149
3797.5	-15.44
3798.51	-10.347
3799.53	-3.669
3800.55	-1.838
3801.56	-9.70
3802.58	-6.481
3803.59	-22.564
3804.61	-16.293
3805.62	-13.197
3806.64	-5.226
3807.65	-17.931
3808.66	-8.239
3809.68	1.427
3810.69	-14.526
3811.7	1.336
3812.72	10.728
3813.73	-0.64
3814.74	-10.406
3815.75	-18.566
3816.77	13.016
3817.78	-34.845
3818.79	-9.632
3819.8	-14.558
3820.81	-6.771
3821.82	-13.235
3822.83	-11.786
3823.84	-10.37
3824.85	-10.559
3825.86	0.327
3826.87	-6.1
3827.88	-9.250
3828.88	-7.566
3829.89	-10.572
3830.9	-19.942
3831.91	-7.364
3832.92	-6.009
3833.92	-17.413
3834.93	-22.588
3835.94	-10.49
3836.94	-7.770
3837.95	-12.785
3838.95	-6.702
3839.96	-5.190
3840.96	-12.958
3841.97	-5.012
3842.97	-20.553
3843.98	-12.702
3844.98	-29.982
3845.99	-8.269
3846.99	-8.458
3847.99	-10.152
3849	-25.788
3850	-5.482
3851	-22.568
3852	-19.395
3853	-14.675
3854.01	-11.498
3855.01	-20.746
3856.01	-14.397
3857.01	4.393
3858.01	-9.564
3859.01	-14.24
3860.01	-8.068
3861.01	1.22
3862.01	-6.529
3863.01	-3.336
3864.01	-10.971
3865	-4.613
3866	-13.786
3867	-24.492
3868	-41.361
3869	-20.894
3869.99	-17.471
3870.99	-21.816
3871.99	-9.108
3872.98	-27.558
3873.98	-18.079
3874.98	-27.257
3875.97	-17.741
3876.97	-42.352
3877.96	-31.173
3878.96	-12.234
3879.95	-1.158
3880.95	-21.291
3881.94	-16.621
3882.93	-1.055
3883.92	-33.530
3884.92	-8.343
3885.91	-4.747
3886.9	-1.067
3887.9	-8.302
3888.89	9.269
3889.88	-7.560
3890.87	-27.619
3891.86	-13.458
3892.85	-5.524
3893.84	-28.682
3894.83	-12.8
3895.82	7.888
3896.81	-22.753
3897.8	-19.013
3898.79	17.577
3899.78	-6.782
3900.77	-15.611
3901.76	-7.342
3902.75	-32.061
3903.73	19.868
3904.72	-8.110
3905.71	-31.39
3906.7	-29.597
3907.68	-13.674
3908.67	-32.184
3909.66	1.04
3910.64	-6.455
3911.63	-13.921
3912.61	8.451
3913.6	-14.627
3914.58	-29.844
3915.57	-13.634
3916.55	8.875
3917.54	-23.677
3918.52	0.373
3919.5	-3.92
3920.49	-23.967
3921.47	11.101
3922.45	-7.461
3923.43	-0.893
3924.42	-5.464
3925.4	7.221
3926.38	18.29
3927.36	-6.853
3928.34	10.610
3929.32	20.269
3930.3	-26.730
3931.28	19.264
3932.26	3.823
3933.24	-6.891
3934.22	-0.27
3935.2	-7.859
3936.18	-4.439
3937.16	0.516
3938.14	-16.670
3939.12	13.411
3940.09	10.298
3941.07	-0.742
3942.05	3.962
3943.03	-8.644
3944	15.032
3944.98	-0.587
3945.96	2.758
3946.93	-8.037
3947.91	-6.235
3948.88	9.709
3949.86	-4.32
3950.83	16.211
3951.81	8.314
3952.78	6.629
3953.75	15.892
3954.73	15.723
3955.7	4.630
3956.67	14.070
3957.65	0.098
3958.62	3.5
3959.59	-4.048
3960.56	15.08
3961.54	19.994
3962.51	-1.915
3963.48	15.268
3964.45	-3.782
3965.42	5.306
3966.39	4.984
3967.36	7.880
3968.33	-0.009
3969.3	-10.857
3970.27	14.350
3971.24	9.885
3972.21	5.359
3973.18	5.41
3974.15	8.47
3975.11	3.620
3976.08	14.324
3977.05	0.000
3978.02	21.395
3978.98	14.779
3979.95	-1.115
3980.92	1.711
3981.88	21.680
3982.85	1.314
3983.81	-0.337
3984.78	2.744
3985.74	4.340
3986.71	-0.237
3987.67	-3.270
3988.64	-0.144
3989.6	-32.821
3990.56	1.220
3991.53	-17.57
3992.49	14.871
3993.45	-13.178
3994.42	-8.607
3995.38	5.273
3996.34	19.123
3997.3	-21.330
3998.26	-1.327
3999.22	18.680
