400.424	-136.604
404.669	-131.798
408.909	35.0713
413.143	-14.8887
417.374	-6.61133
421.6	84.6279
425.822	68.9131
430.039	153.063
434.253	-77.2354
438.461	22.5449
442.664	117.905
446.866	109.264
451.06	-238.409
455.251	-36.252
459.437	26.7002
463.619	-14.3613
467.798	-15.8584
471.97	-71.8789
476.139	-70.1406
480.303	286.388
484.464	79.8281
488.619	68.0313
492.771	-106.131
496.916	182.328
501.057	-47.6455
505.196	252.571
509.329	-70.5605
513.458	150.795
517.583	-107.622
521.704	366.111
525.82	80.8613
529.931	61.8828
534.037	-228.994
538.14	-227.624
542.238	-163.335
546.332	-102.121
550.422	-249.067
554.506	-177.666
558.587	-151.178
562.663	-41.6582
566.734	-293.653
570.802	-203.096
574.863	-63.2129
578.922	52.3027
582.978	56.6729
587.027	-46.248
591.073	-87.7666
595.112	-54.7617
599.148	2.23828
603.18	-226.931
607.209	-33.085
611.231	-14.2656
615.25	59.1436
619.265	180.973
623.274	-52.5195
627.279	-88.1865
631.281	-37.667
635.278	-124.77
639.27	-54.9775
643.258	123.326
647.243	-55.8926
651.222	129.953
655.195	136.06
659.166	2.20996
663.131	-27.2793
667.093	23.9082
671.051	38.2061
675.001	-4.78027
678.949	56.7881
682.894	121.937
686.835	-34.8076
690.769	-95.0488
694.7	-70.1934
698.626	-57.6328
702.548	182.712
706.465	-44.2393
710.378	9.39648
714.287	-48.709
718.192	4.07617
722.09	30.1992
725.986	-139.637
729.879	-93.0117
733.766	129.963
737.647	214.299
741.526	203.953
745.4	361.953
749.268	162.613
753.133	103.1
756.994	113.354
760.851	3.48242
764.701	-23.125
768.547	-36.1133
772.389	-142.652
776.23	-114.707
780.063	-102.286
783.893	-44.7617
787.719	-116.938
791.541	-103.268
795.356	-113.813
799.168	-148.426
802.977	32.3008
806.781	-61.1133
810.58	-224.695
814.375	72.8242
818.162	109.223
821.95	113.791
825.732	20.8086
829.509	114.072
833.282	72.0293
837.05	-28.6934
840.814	-71.5234
844.575	-100.854
848.33	10.248
852.079	21.0469
855.825	36.7012
859.568	32.3848
863.307	-85.0137
867.04	-153.387
870.769	-10.6914
874.493	105.76
878.214	49.8145
881.93	-98.6953
885.642	-12.1211
889.35	164.904
893.053	107.375
896.751	154.865
900.445	23.2578
904.134	179.621
907.821	185.068
911.503	215.982
912.036	210.232
915.893	-109.42
919.749	-37.5293
923.602	138.18
927.45	-66.1328
931.291	191.877
935.131	-94.8379
938.965	97.6934
942.797	-4.16016
946.624	-234.963
950.447	-14.3926
954.267	48.5449
958.081	43.1738
961.891	-48.2637
965.697	-206.357
969.498	41.668
973.298	90.5762
977.092	-136.334
980.881	-125.739
984.668	-122.299
988.45	-188.078
992.226	60.9199
996.001	422.592
999.772	1961.69
1003.54	2020.91
1007.3	733.276
1011.06	332.039
1014.81	118.492
1018.56	-85.7529
1022.31	-69.5996
1026.05	90.9473
1029.78	290.504
1033.52	279.698
1037.24	-23.5439
1040.97	208.63
1044.69	-171.91
1048.41	78.4746
1052.12	10.0762
1055.83	-64.8203
1059.53	-96.3916
1063.23	-383.864
1066.93	-250.335
1070.62	-461.886
1074.31	-397.931
1077.99	-371.557
1081.67	-336.279
1085.35	-330.905
1089.02	-151.801
1092.69	-313.303
1096.35	-328.176
1100.01	-221.939
1103.67	-64.8467
1107.32	48.4922
1110.97	-123.174
1114.61	-4.39648
1118.25	0.679688
1121.88	357.401
1125.52	458.178
1129.14	355.041
1132.76	218.802
1136.38	-45.0332
1140	-40.0703
1143.61	-156.11
1147.22	-133.294
1150.82	59.8135
1154.42	11.417
1158.01	195.813
1161.6	71.3086
1165.19	143.496
1168.77	55.0283
1172.35	180.507
1175.92	99.1084
1179.49	-1.41406
1183.06	-73.9502
1186.62	-176.104
1190.18	-143.809
1193.73	-22.6611
1197.28	124.209
1200.83	459.553
1204.37	535.156
1207.91	665.376
1211.44	407.582
1214.97	383.35
1218.49	602.371
1222.01	717.663
1225.53	831.926
1229.04	996.154
1232.55	989.972
1236.06	994.159
1239.56	965.024
1243.06	939.628
1246.55	963.875
1250.04	911.045
1253.52	866.421
1257	893.414
1260.48	897.302
1263.95	935.021
1267.42	953.662
1270.88	699.079
1274.34	837.024
1277.8	956.521
1281.25	806.233
1284.7	785.835
1288.14	822.313
1291.58	832.479
1295.02	960.696
1298.45	987.133
1301.88	979.214
1305.3	1047.34
1308.72	1120.41
1312.14	1185.94
1315.55	1240.31
1318.96	1243.38
1322.36	1178.94
1325.76	1247.32
1329.16	992.8
1332.54	984.604
1335.93	971.149
1339.32	932.854
1342.69	1137.3
1346.07	702.705
1349.44	522.301
1352.81	475.18
1356.17	443.302
1359.53	302.744
1362.89	166.259
1364.21	120.181
1367.74	-55.6738
1371.27	179.442
1374.8	-255.371
1378.32	-7.52246
1381.83	-18.999
1385.34	133.896
1388.85	139.179
1392.36	579.352
1395.86	333.626
1399.35	468.181
1402.85	326.315
1406.34	457.452
1409.82	422.959
1413.3	331.326
1416.78	416.634
1420.26	382.11
1423.73	337.189
1427.19	689.78
1430.66	693.309
1434.12	937.628
1437.57	1182.4
1441.02	1367.27
1444.47	1563.92
1447.91	1664.53
1451.36	1569.07
1454.79	1376.21
1458.23	1140.2
1461.65	1102.36
1465.08	823.777
1468.5	706.474
1471.92	560.119
1475.33	131.814
1478.74	-23.5693
1482.15	-22.5732
1485.55	-110.444
1488.95	-61.6631
1492.34	28.4814
1495.73	56.248
1499.12	70.3438
1502.5	87.5244
1505.88	225.757
1509.26	336.759
1512.63	371.167
1516	342.806
1519.36	570.923
1522.72	425.177
1526.08	758.562
1529.43	677.353
1532.78	861.877
1536.13	910.878
1539.47	1014.75
1542.81	1232.37
1546.14	1329.15
1549.47	1408.94
1552.79	1348.15
1556.12	1362.11
1559.44	1295.75
1562.75	1388.58
1566.06	1224.09
1569.37	1119.97
1572.68	1186.85
1575.97	1277.94
1579.27	1364.05
1582.56	1381.06
1585.85	1464.72
1589.14	1269.27
1592.42	1242.17
1595.69	1359.52
1598.97	1551.57
1602.24	1580.93
1605.5	1676.52
1608.76	1595.4
1612.02	1514.36
1615.28	1582.37
1618.53	1564.85
1621.77	1524.68
1625.02	1430.04
1628.26	1660.61
1631.49	1759.86
1634.72	1821.06
1637.95	1895.09
1641.17	1970.21
1644.4	1989.86
1647.61	1993.7
1650.82	2111.97
1654.03	2290.57
1657.24	2299.76
1660.44	2204.09
1663.63	2134.73
1666.83	2206.64
1670.02	1920.31
1673.2	1775.66
1676.39	1453.84
1679.56	1281.95
1682.74	1118.29
1685.91	809.052
1689.08	646.075
1692.24	566.444
1695.4	347.374
1698.56	166.412
1701.71	127.088
1704.86	96.1729
1708	-53.1836
1711.14	-44.4814
1714.28	-130.203
1717.41	-139.947
1720.54	-68.0127
1723.67	-91.8086
1726.79	-174.582
1729.91	-28.5439
1733.02	168.173
1736.13	-115.308
1739.24	-47.208
1742.34	41.3877
1745.44	10.2588
1748.53	17.7129
1751.62	-41.2432
1754.71	-114.669
1757.8	-70.0459
1760.88	19.8906
1763.95	36.3193
1767.03	92.6553
1770.1	114.223
1773.16	37.0947
1776.22	62.5146
1778.67	-26.7021
1781.9	50.4502
1785.13	-116.036
1788.36	36.7275
1791.59	85.9209
1794.81	39.3955
1798.03	-36.2012
1801.24	22.0469
1804.45	-76.7061
1807.66	-53.3066
1810.87	-100.27
1814.06	84.25
1817.26	5.46387
1820.46	-79.4014
1823.65	-8.09863
1826.83	-25.4463
1830.01	-57.4014
1833.19	-100.736
1836.37	38.2246
1839.54	1.56934
1842.71	99.4619
1845.87	-86.6904
1849.03	11.0576
1852.19	-11.8945
1855.35	-73.8057
1858.5	82.083
1861.64	16.7832
1864.79	31.6709
1867.93	-75.1064
1871.06	-74.1953
1874.2	90.5576
1877.33	-7.21094
1880.45	84.4307
1883.58	130.346
1886.69	28.1611
1889.81	45.8682
1892.92	-54.9893
1896.03	-10.1963
1899.13	25.1357
1902.23	48.9688
1905.33	-13.4082
1908.42	-25.332
1911.51	-117.271
1914.6	-60.3516
1917.69	-94.4795
1920.76	-73.0498
1923.84	-166.879
1926.91	-114.038
1929.98	-25.8174
1933.05	-61.8281
1936.11	63.2275
1939.17	49.1914
1942.22	9.31934
1945.27	-53.8037
1948.32	-21.335
1951.36	-100.264
1954.41	34.3516
1957.44	-74.3135
1960.48	47.0557
1963.51	59.7588
1966.53	-0.253906
1969.56	106.872
1972.57	-98.708
1975.59	-33.1455
1978.6	-18.2461
1981.61	33.0391
1984.62	124.366
1987.62	118.119
1990.62	83.1602
1993.61	109.249
1996.6	87.4658
1999.59	39.8848
2002.57	18.207
2005.55	38.4619
2008.53	128.385
2011.5	-2.06641
2014.47	95.1699
2017.44	-16.2803
2020.4	111.272
2023.36	17.8828
2026.32	-38.7754
2029.27	-16.9893
2032.22	58.3945
2035.16	16.5459
2038.1	34.6494
2041.04	76.5127
2043.97	-49.3623
2046.9	-124.735
2049.83	-61.999
2052.76	-96.4033
2055.68	68.9297
2058.59	79.3145
2061.5	-68.0684
2064.41	-106.131
2067.32	-72.0342
2070.22	-53.708
2073.12	71.8057
2076.01	64.7412
2078.91	-71.6182
2081.79	-86.8037
2084.68	-61.6826
2087.56	15.8516
2090.44	2.59082
2093.31	-30.2578
2096.18	-19.4111
2099.05	49.6611
2101.91	6.0918
2104.77	-70.3242
2107.63	-71.8584
2110.48	70.5283
2113.33	-38.6943
2116.17	120.788
2119.02	85.0537
2121.85	-74.5771
2124.69	-15.2061
2127.52	139.091
2130.35	126.258
2133.17	-22.5273
2135.99	85.4033
2138.81	82.9697
2141.62	45.3135
2144.43	13.7217
2147.24	-13.957
2150.04	18.9883
2152.84	61.7236
2155.64	28.9971
2157.47	-43.7793
2160.44	-44.999
2163.4	-6.80469
2166.37	7.70605
2169.32	-21.0869
2172.28	-107.082
2175.24	33.5596
2178.18	103.42
2181.13	-18.002
2184.07	-58.1914
2187.01	77.2695
2189.95	-41.1963
2192.88	-62.5947
2195.81	-22.8945
2198.74	-80.4424
2201.66	21.0537
2204.58	-18.2412
2207.5	-53.6846
2210.41	-175.603
2213.32	-49.5039
2216.23	157.524
2219.13	-24.0469
2222.03	-93.6494
2224.93	-24.5186
2227.82	36.5166
2230.71	-4.34863
2233.6	126.745
2236.48	-42.2891
2239.36	-88.457
2242.24	-1
2245.11	15.0137
2247.98	86.417
2250.84	148.259
2253.71	-29.167
2256.57	19.6758
2259.42	5.58887
2262.28	107.111
2265.13	82.8535
2267.98	79.9287
2270.82	59.9316
2273.66	91.5244
2276.49	-58.6426
2279.33	-42.8574
2282.16	119.17
2284.98	-11.4961
2287.8	-20.4824
2290.63	-55.1396
2293.44	-11.0557
2296.26	-156.212
2299.07	57.6621
2301.87	-5.80762
2304.68	-11.3271
2307.48	19.3252
2310.27	4.75586
2313.06	-18.0527
2315.85	121.278
2318.64	-105.339
2321.42	-62.3584
2324.2	-32.457
2326.98	60.2529
2329.75	143.756
2332.52	101.2
2335.29	120.923
2338.05	141.958
2340.81	108.115
2343.57	-38.4199
2346.32	31.9385
2349.07	39.6563
2351.82	-4.57617
2354.56	-24.1699
2357.3	-8.83984
2360.04	3.0918
2362.77	37.3008
2365.5	21.5811
2368.23	83.7314
2370.95	-34.6494
2373.67	1.20996
2376.38	-128.311
2379.1	82.5928
2381.81	36.7832
2384.51	18.3916
2387.22	-91.6201
2389.92	-72.501
2392.61	-50.6895
2395.3	26.8994
2397.99	67.7002
2400.68	17.1699
2403.36	-89.1768
2406.04	-12.1143
2408.72	95.4268
2411.39	13.4688
2414.06	42.418
2416.73	-166.403
2419.39	-64.0615
2422.05	-112.056
2424.71	-57.4668
2427.36	-39.2305
2430.01	-97.335
2432.65	-13.9277
2435.3	52.4473
2437.94	38.2842
2440.57	2.88574
2443.21	-113.568
2445.84	-29.3564
2448.46	57.248
2451.08	46.7217
2453.7	103.408
2456.32	65.6309
2458.93	-48.9932
2461.54	19.751
2464.15	94.4463
2466.75	-52.9893
2469.35	29.4082
2471.95	10.1201
2474.54	63.9043
2477.13	40.0576
2479.71	-43.2803
2482.3	-9.8252
2484.87	21.5381
2487.45	57.8301
2490.02	157.351
2492.59	113.992
2495.16	16.3652
2497.72	-101.186
2500.28	-91.9844
2502.84	84.5674
2505.47	33.4844
2508.2	68.8213
2510.92	-107.431
2513.65	41.4873
2516.37	-46.9639
2519.08	31.5303
2521.79	-47.9844
2524.5	157.47
2527.21	73.8838
2529.91	79.6533
2532.61	127.755
2535.31	-103.726
2538	-89.9307
2540.7	-112.721
2543.38	83.2207
2546.07	-107.113
2548.75	4.28809
2551.43	30.7393
2554.1	29.3369
2556.78	-58.8691
2559.44	-64.4609
2562.11	51.9561
2564.77	-104.935
2567.43	85.751
2570.09	137.119
2572.74	-149.904
2575.39	-165.326
2578.04	40.6982
2580.68	-4.6748
2583.32	-10.1309
2585.96	-92.0957
2588.59	111.679
2591.22	-31.0869
2593.85	154.166
2596.48	68.6328
2599.1	41.9697
2601.72	-128.364
2604.33	120.152
2606.94	176.551
2609.55	77.5771
2612.16	62.5234
2614.76	95.6211
2617.36	177.269
2619.96	67.7949
2622.55	74.5029
2625.14	91.8096
2627.73	9.33789
2630.31	34.1553
2632.89	46.3027
2635.47	34.7295
2638.05	113.397
2640.62	42.5361
2643.19	109.414
2645.75	64.4922
2648.31	-38.3496
2650.87	49.4775
2653.43	-7.71484
2655.98	-84.6963
2658.53	-122.479
2661.07	-30.1582
2663.62	17.6279
2666.16	-5.36914
2668.69	54.8604
2671.23	-57.0391
2673.76	102.156
2676.28	43.5928
2678.81	68.54
2681.33	68.2969
2683.85	171.131
2686.36	101.315
2688.87	62.1973
2691.38	12.1406
2693.89	67.0039
2696.39	46.4258
2698.89	46.2266
2701.38	198.796
2703.87	156.284
2706.36	183.222
2708.85	203.213
2711.33	359.817
2713.81	199.914
2716.29	236.843
2718.76	345.606
2721.23	213.329
2723.7	400.814
2726.16	393.227
2728.62	455.428
2731.08	475.46
2733.54	394.752
2735.99	324.802
2738.43	358.811
2740.88	317.249
2743.32	330.317
2745.76	280.324
2748.2	253.662
2750.63	147.568
2753.06	123.922
2755.48	85.0557
2757.91	66.3398
2760.33	2.47461
2762.74	138.975
2765.16	264.219
2767.57	160.41
2769.97	42.1475
2772.38	47.5586
2774.78	90.3877
2777.18	31.8867
2779.57	-29.0586
2781.96	-27.0723
2784.35	-38.085
2786.73	-42.4814
2789.11	0.62207
2791.49	130.118
2793.87	-60.0859
2796.24	12.8398
2798.61	97.7373
2800.98	-144.385
2803.34	-152.079
2805.7	-20.6738
2808.06	-54.9375
2810.41	-86.5811
2812.76	25.7617
2815.11	122.897
2817.45	99.043
2819.79	49.5166
2822.13	88.8594
2824.32	159.542
2826.83	265.051
2829.33	16.2393
2831.84	266.236
2834.34	158.055
2836.84	478.231
2839.33	524.928
2841.82	631.943
2844.31	889.461
2846.8	1169.39
2849.28	1432.15
2851.76	1603.95
2854.24	1682.56
2856.71	1894.57
2859.18	2032.94
2861.65	2370.25
2864.12	2658.78
2866.58	3332.69
2869.04	3696.43
2871.49	4155.98
2873.95	4418.68
2876.4	4434.29
2878.85	4433.02
2881.29	4192.12
2883.73	4093.17
2886.17	4089.33
2888.6	4028.63
2891.04	4160.28
2893.47	4231.38
2895.89	4366.56
2898.32	4436.4
2900.74	4696.49
2903.16	4715.14
2905.57	4937.99
2907.98	5041.41
2910.39	5457.21
2912.8	5766.75
2915.2	5857.04
2917.6	6284.03
2919.99	6677.66
2922.39	6988.03
2924.78	7464.33
2927.17	7755.34
2929.55	8084.09
2931.93	8129.39
2934.31	8389.85
2936.69	8259.06
2939.06	8309.62
2941.43	8127.72
2943.8	7687.56
2946.16	7136.54
2948.52	6585.69
2950.88	6106.84
2953.23	5643.68
2955.58	5511.14
2957.93	5037.33
2960.28	4789.15
2962.62	4785.68
2964.96	4667.04
2967.3	4585.31
2969.63	4321.93
2971.96	4252.81
2974.29	4011.71
2976.62	4031.77
2978.94	3763.67
2981.26	3512.86
2983.57	3416.95
2985.88	3173.23
2988.19	2948.25
2990.5	2800.59
2992.8	2493.27
2995.1	2297.69
2997.4	1938.71
2999.7	1796.97
3001.99	1729.55
3004.28	1355.55
3006.56	1147.33
3008.85	1036.67
3011.13	892.637
3013.4	774.516
3015.68	540.403
3017.95	310.651
3020.22	255.901
3022.48	156.838
3024.74	206.887
3027	-1.2666
3029.26	22.9414
3031.51	-1.7627
3033.76	-17.416
3036.01	-105.5
3038.25	-65.1689
3040.49	81.1719
3042.73	179.642
3044.96	186.842
3047.2	255.722
3049.43	441.845
3051.65	410.455
3053.87	369.067
3056.09	426.41
3058.31	725.44
3060.52	875.373
3062.74	761.884
3064.94	923.059
3067.15	841.971
3069.35	660.095
3071.55	551.868
3073.74	396.482
3075.94	313.554
3078.13	231.437
3080.31	-4.63477
3082.5	74.2871
3084.68	-34.2393
3086.86	26.168
3089.03	32.0576
3091.2	-28.3711
3093.37	-119.661
3095.54	-189.448
3097.7	-111.697
3099.86	-160.56
3102.02	-92.958
3104.17	-19.4072
3106.32	-64.8086
3108.47	-108.33
3110.61	-121.882
3112.75	-72.3418
3114.89	21.7471
3116.84	-64.9092
3119.15	-77.167
3121.46	120.602
3123.76	8.00098
3126.07	82.2168
3128.37	72.1377
3130.66	38.2354
3132.96	13.5645
3135.25	131.49
3137.54	25.1543
3139.83	70.8389
3142.11	-29.0439
3144.39	-100.281
3146.67	13.2373
3148.95	16.0146
3149.19	154.543
