400.424	603.717
404.669	478.519
408.909	776.348
413.143	669.506
417.374	735.584
421.6	879.587
425.822	765.806
430.039	898.057
434.253	771.024
438.461	762.622
442.664	516.942
446.866	678.679
451.06	521.209
455.251	780.244
459.437	611.59
463.619	517.642
467.798	621.969
471.97	792.463
476.139	709.363
480.303	892.67
484.464	972.485
488.619	711.41
492.771	922.943
496.916	1062.38
501.057	1027.73
505.196	743.487
509.329	502.493
513.458	666.106
517.583	580.473
521.704	879.79
525.82	704.176
529.931	727.637
534.037	634.006
538.14	575.242
542.238	373.09
546.332	229.782
550.422	252.411
554.506	280.817
558.587	421.009
562.663	520.335
566.734	464.541
570.802	364.542
574.863	271.96
578.922	615.739
582.978	405.609
587.027	446.799
591.073	388.88
595.112	351.376
599.148	597.466
603.18	546.281
607.209	487.275
611.231	654.491
615.25	720.948
619.265	801.49
623.274	518.61
627.279	631.56
631.281	536.734
635.278	580.383
639.27	384.2
643.258	398.76
647.243	404.522
651.222	702.491
655.195	734.467
659.166	584.909
663.131	510.063
667.093	547.418
671.051	530.771
675.001	513.118
678.949	660.121
682.894	591.603
686.835	437.897
690.769	454.384
694.7	680.951
698.626	445.119
702.548	539.008
706.465	476.324
710.378	592.044
714.287	521.364
718.192	572.085
722.09	546.882
725.986	463.018
729.879	568.493
733.766	612.545
737.647	690.679
741.526	548.339
745.4	486.763
749.268	423.088
753.133	682.621
756.994	791.503
760.851	673.735
764.701	482.477
768.547	341.569
772.389	448.208
776.23	485.635
780.063	488.362
783.893	409.571
787.719	311.101
791.541	368.206
795.356	317.944
799.168	229.839
802.977	451.893
806.781	406.041
810.58	199.682
814.375	478.302
818.162	589.574
821.95	503.117
825.732	700.801
829.509	674.122
833.282	687.492
837.05	632.82
840.814	573.067
844.575	549.342
848.33	666.889
852.079	631.377
855.825	622.742
859.568	605.863
863.307	368.034
867.04	300.457
870.769	521.062
874.493	587.328
878.214	507.406
881.93	549.236
885.642	502.865
889.35	596.163
893.053	653.543
896.751	479.847
900.445	456.809
904.134	496.7
907.821	674.761
911.503	541.746
912.036	510.263
915.893	317.385
919.749	526.549
923.602	494.933
927.45	517.388
931.291	444.357
935.131	654.059
938.965	351.9
942.797	276.122
946.624	374.186
950.447	475.639
954.267	225.612
958.081	460.916
961.891	484.324
965.697	230.713
969.498	505.777
973.298	447.018
977.092	180.111
980.881	262.181
984.668	396.002
988.45	231.027
992.226	454.934
996.001	623.322
999.772	1766.33
1003.54	1735.19
1007.3	874.803
1011.06	708.215
1014.81	340.639
1018.56	359.866
1022.31	411.957
1026.05	366.142
1029.78	327.577
1033.52	617.258
1037.24	502.725
1040.97	528.528
1044.69	369.589
1048.41	366.854
1052.12	420.269
1055.83	425.585
1059.53	459.764
1063.23	74.2498
1066.93	465.101
1070.62	394.37
1074.31	253.947
1077.99	354.844
1081.67	353.747
1085.35	334.119
1089.02	463.26
1092.69	17.0546
1096.35	-48.8619
1100.01	-204.578
1103.67	111.005
1107.32	37.3482
1110.97	-35.7143
1114.61	123.776
1118.25	335.226
1121.88	329.11
1125.52	471.656
1129.14	550.971
1132.76	602.385
1136.38	406.1
1140	344.814
1143.61	354.862
1147.22	402.71
1150.82	338.793
1154.42	247.793
1158.01	399.037
1161.6	420.18
1165.19	499.313
1168.77	467.887
1172.35	527.908
1175.92	522.647
1179.49	355.861
1183.06	399.561
1186.62	400.947
1190.18	439.485
1193.73	655.124
1197.28	882.863
1200.83	1062.82
1204.37	1231.48
1207.91	1302.37
1211.44	1172.88
1214.97	1105.85
1218.49	1200.53
1222.01	1358.27
1225.53	1356.39
1229.04	1442.61
1232.55	1534.83
1236.06	1663.12
1239.56	1525.43
1243.06	1578.98
1246.55	1513.92
1250.04	1505.18
1253.52	1516.5
1257	1349.33
1260.48	1460.15
1263.95	1527.56
1267.42	1396.99
1270.88	1471.53
1274.34	1376.01
1277.8	1428.74
1281.25	1210.33
1284.7	1217.11
1288.14	1399.81
1291.58	1402.41
1295.02	1477.75
1298.45	1486.05
1301.88	1431.01
1305.3	1381.35
1308.72	1469.54
1312.14	1535.89
1315.55	1528.91
1318.96	1441.65
1322.36	1299.72
1325.76	1539.72
1329.16	1242.91
1332.54	1177.51
1335.93	1260.21
1339.32	984.078
1342.69	1132.07
1346.07	852.879
1349.44	855.626
1352.81	794.254
1356.17	511.071
1359.53	325.51
1362.89	429.92
1364.21	521.612
1367.74	340.865
1371.27	408.688
1374.8	222.381
1378.32	125.598
1381.83	179.134
1385.34	207.52
1388.85	225.006
1392.36	408.52
1395.86	597.068
1399.35	513.533
1402.85	480.842
1406.34	587.689
1409.82	627.041
1413.3	465.853
1416.78	586.304
1420.26	686.727
1423.73	607.686
1427.19	778.089
1430.66	641.298
1434.12	888.234
1437.57	1194.45
1441.02	1282.97
1444.47	1408.57
1447.91	1338.87
1451.36	1342.55
1454.79	1248.51
1458.23	1079.09
1461.65	1012
1465.08	938.445
1468.5	656.194
1471.92	586.694
1475.33	469.48
1478.74	216.685
1482.15	36.67
1485.55	164.522
1488.95	228.745
1492.34	234.949
1495.73	106.977
1499.12	180.034
1502.5	391.918
1505.88	291.953
1509.26	318.257
1512.63	372.61
1516	529.894
1519.36	358.197
1522.72	570.738
1526.08	730.709
1529.43	712.029
1532.78	813.079
1536.13	819.808
1539.47	908.448
1542.81	1037.04
1546.14	1066.63
1549.47	1032.03
1552.79	1011.99
1556.12	974.071
1559.44	1029.86
1562.75	1011.79
1566.06	910.994
1569.37	954.065
1572.68	886.54
1575.97	813.01
1579.27	966.553
1582.56	1002.04
1585.85	1056.28
1589.14	965.114
1592.42	793.233
1595.69	893.339
1598.97	1023.01
1602.24	1029.94
1605.5	1347.83
1608.76	1209.01
1612.02	1299.77
1615.28	1305.39
1618.53	1388.71
1621.77	1329.93
1625.02	1237.64
1628.26	1380.19
1631.49	1447.57
1634.72	1403.7
1637.95	1493.96
1641.17	1654.25
1644.4	1697.43
1647.61	1840.58
1650.82	1843.76
1654.03	1809.97
1657.24	1765.57
1660.44	1707.86
1663.63	1633.59
1666.83	1644.56
1670.02	1530.92
1673.2	1410.41
1676.39	1226.19
1679.56	923.368
1682.74	891.851
1685.91	629.792
1689.08	385.092
1692.24	341.381
1695.4	320.531
1698.56	268.992
1701.71	53.1293
1704.86	-21.4234
1708	31.6228
1711.14	18.3292
1714.28	8.887
1717.41	-7.113
1720.54	-51.8086
1723.67	-17.4249
1726.79	29.118
1729.91	5.06907
1733.02	344.645
1736.13	25.3667
1739.24	102.469
1742.34	178.992
1745.44	76.6084
1748.53	147.337
1751.62	179.253
1754.71	100.502
1757.8	175.999
1760.88	170.341
1763.95	22.604
1767.03	20.9866
1770.1	69.2275
1773.16	127.224
1776.22	250.27
1778.67	260.066
1781.9	93.8164
1785.13	185.329
1788.36	92.9918
1791.59	76.1835
1794.81	191.588
1798.03	99.563
1801.24	57.9597
1804.45	142.757
1807.66	31.8683
1810.87	-49.6851
1814.06	230.874
1817.26	13.5613
1820.46	-25.2813
1823.65	-85.5926
1826.83	16.2171
1830.01	41.2835
1833.19	29.4612
1836.37	11.3713
1839.54	172.665
1842.71	87.1085
1845.87	152.132
1849.03	89.1569
1852.19	80.6841
1855.35	119.537
1858.5	-28.0053
1861.64	187.18
1864.79	237.041
1867.93	91.3283
1871.06	114.1
1874.2	175.616
1877.33	126.006
1880.45	73.976
1883.58	161.064
1886.69	109.04
1889.81	62.3642
1892.92	-13.1291
1896.03	75.6922
1899.13	162.412
1902.23	104.832
1905.33	172.241
1908.42	122.249
1911.51	-76.4265
1914.6	33.8594
1917.69	121.397
1920.76	33.848
1923.84	66.4204
1926.91	79.1759
1929.98	61.2116
1933.05	27.2171
1936.11	58.179
1939.17	161.83
1942.22	89.5896
1945.27	100.218
1948.32	8.79452
1951.36	-38.8668
1954.41	134.937
1957.44	166.209
1960.48	-69.4131
1963.51	134.827
1966.53	39.1805
1969.56	231.419
1972.57	-9.70873
1975.59	101.494
1978.6	106.993
1981.61	125.137
1984.62	148.42
1987.62	75.1111
1990.62	30.092
1993.61	145.699
1996.6	137.235
1999.59	16.629
2002.57	152.711
2005.55	270.525
2008.53	145.008
2011.5	87.2811
2014.47	180.144
2017.44	76.7494
2020.4	-45.3002
2023.36	15.7078
2026.32	88.3447
2029.27	70.0338
2032.22	68.4924
2035.16	-39.4012
2038.1	122.454
2041.04	72.6741
2043.97	83.4577
2046.9	60.5011
2049.83	-25.4818
2052.76	15.6963
2055.68	46.998
2058.59	64.9357
2061.5	-17.7974
2064.41	57.2966
2067.32	-34.9551
2070.22	28.2644
2073.12	77.2699
2076.01	39.6353
2078.91	-56.8562
2081.79	-7.7346
2084.68	46.5907
2087.56	3.03362
2090.44	130.075
2093.31	110.124
2096.18	134.017
2099.05	55.3367
2101.91	28.4113
2104.77	106.685
2107.63	-18.0596
2110.48	57.904
2113.33	58.5601
2116.17	122.405
2119.02	114.205
2121.85	159.958
2124.69	0.219101
2127.52	68.3134
2130.35	-22.8774
2133.17	91.5924
2135.99	109.074
2138.81	119.494
2141.62	10.3371
2144.43	14.5876
2147.24	38.0519
2150.04	65.8262
2152.84	83.0612
2155.64	-28.0846
2157.47	-180.677
2160.44	108.512
2163.4	108.345
2166.37	92.2868
2169.32	27.3772
2172.28	-129.662
2175.24	43.5391
2178.18	118.808
2181.13	175.286
2184.07	29.2322
2187.01	39.0283
2189.95	105.672
2192.88	-7.7042
2195.81	-69.3284
2198.74	30.521
2201.66	134.751
2204.58	-26.8093
2207.5	44.1813
2210.41	42.2351
2213.32	111.207
2216.23	95.6599
2219.13	34.8491
2222.03	-63.9716
2224.93	21.0408
2227.82	118.251
2230.71	83.2621
2233.6	55.8317
2236.48	73.4019
2239.36	39.6812
2242.24	-45.3179
2245.11	9.78611
2247.98	-6.72702
2250.84	133.695
2253.71	52.4524
2256.57	-39.1285
2259.42	-0.60717
2262.28	177.464
2265.13	136.22
2267.98	101.007
2270.82	-20.3111
2273.66	60.3613
2276.49	169.14
2279.33	18.9037
2282.16	106.93
2284.98	88.4865
2287.8	-44.4562
2290.63	21.9775
2293.44	-30.6443
2296.26	48.4941
2299.07	85.3636
2301.87	11.9924
2304.68	131.767
2307.48	83.7163
2310.27	18.2481
2313.06	25.6374
2315.85	89.3674
2318.64	20.5438
2321.42	71.3047
2324.2	65.1858
2326.98	100.976
2329.75	4.67219
2332.52	-59.9745
2335.29	22.7598
2338.05	120.773
2340.81	85.207
2343.57	28.7494
2346.32	62.353
2349.07	144.417
2351.82	53.3298
2354.56	93.6313
2357.3	66.4132
2360.04	30.9432
2362.77	-86.0584
2365.5	-4.28851
2368.23	71.72
2370.95	-37.9926
2373.67	-11.1367
2376.38	0.0315018
2379.1	48.1325
2381.81	94.3711
2384.51	-58.2672
2387.22	-51.6203
2389.92	20.1214
2392.61	-27.9979
2395.3	55.2773
2397.99	65.8679
2400.68	136.529
2403.36	27.7895
2406.04	-74.6382
2408.72	-68.9869
2411.39	7.79339
2414.06	36.869
2416.73	15.1834
2419.39	-107.456
2422.05	30.3703
2424.71	46.1571
2427.36	56.5675
2430.01	-16.2624
2432.65	109.64
2435.3	96.0891
2437.94	55.8231
2440.57	-97.4541
2443.21	-44.4115
2445.84	20.99
2448.46	39.1405
2451.08	-5.51664
2453.7	22.6358
2456.32	72.0275
2458.93	106.713
2461.54	3.36861
2464.15	164.172
2466.75	60.99
2469.35	11.2705
2471.95	90.9005
2474.54	38.6117
2477.13	104.891
2479.71	39.3905
2482.3	-11.1308
2484.87	12.3783
2487.45	8.00644
2490.02	-65.0265
2492.59	-53.4393
2495.16	167.579
2497.72	126.584
2500.28	107.641
2502.84	21.4468
2505.47	42.9517
2508.2	114.483
2510.92	-4.66899
2513.65	22.7418
2516.37	57.4633
2519.08	-3.77526
2521.79	70.2694
2524.5	158.685
2527.21	17.061
2529.91	108.493
2532.61	153.755
2535.31	-135.265
2538	-51.7044
2540.7	17.9663
2543.38	119.37
2546.07	-42.9041
2548.75	183.097
2551.43	93.3496
2554.1	182.72
2556.78	63.2293
2559.44	-17.7395
2562.11	89.4987
2564.77	-52.4692
2567.43	134.738
2570.09	3.52782
2572.74	92.4262
2575.39	77.6255
2578.04	17.6733
2580.68	-32.2974
2583.32	22.8569
2585.96	107.803
2588.59	191.393
2591.22	147.846
2593.85	142.617
2596.48	101.381
2599.1	26.4696
2601.72	142.49
2604.33	-5.96566
2606.94	136.762
2609.55	45.1176
2612.16	140.913
2614.76	54.1658
2617.36	70.8671
2619.96	-31.6512
2622.55	-61.4899
2625.14	-36.5297
2627.73	2.6656
2630.31	31.9637
2632.89	35.3917
2635.47	48.6703
2638.05	133.142
2640.62	-12.423
2643.19	92.8507
2645.75	69.1154
2648.31	7.96226
2650.87	33.9761
2653.43	21.9703
2655.98	10.8689
2658.53	4.1658
2661.07	67.3562
2663.62	120.586
2666.16	-17.8996
2668.69	30.9441
2671.23	110.446
2673.76	50.2615
2676.28	127.627
2678.81	-43.1079
2681.33	140.777
2683.85	102.444
2686.36	34.5685
2688.87	50.996
2691.38	60.6833
2693.89	62.0903
2696.39	30.6672
2698.89	32.4248
2701.38	149.864
2703.87	275.223
2706.36	246.831
2708.85	99.1911
2711.33	371.382
2713.81	355.86
2716.29	269.072
2718.76	292.833
2721.23	235.753
2723.7	273.935
2726.16	306.659
2728.62	350.57
2731.08	366.711
2733.54	351.116
2735.99	367.189
2738.43	324.534
2740.88	260.796
2743.32	269.402
2745.76	205.946
2748.2	266.522
2750.63	170.377
2753.06	258.981
2755.48	175.978
2757.91	178.615
2760.33	85.7122
2762.74	141.49
2765.16	246.297
2767.57	208.965
2769.97	176.693
2772.38	77.3818
2774.78	30.9014
2777.18	87.09
2779.57	76.5499
2781.96	31.1408
2784.35	10.632
2786.73	-37.5468
2789.11	43.3731
2791.49	18.7861
2793.87	37.1874
2796.24	9.97925
2798.61	21.7408
2800.98	29.5835
2803.34	51.7679
2805.7	-10.2716
2808.06	-53.3196
2810.41	-58.8785
2812.76	-2.04972
2815.11	59.6687
2817.45	64.6254
2819.79	201.28
2822.13	46.5046
2824.32	-45.1244
2826.83	271.314
2829.33	85.7504
2831.84	76.078
2834.34	354.247
2836.84	370.674
2839.33	365.643
2841.82	511.83
2844.31	645.718
2846.8	918.916
2849.28	1041.57
2851.76	1219.76
2854.24	1285.86
2856.71	1418.09
2859.18	1664.76
2861.65	1775.49
2864.12	2020.83
2866.58	2365.87
2869.04	2775.15
2871.49	2874.15
2873.95	3172.69
2876.4	3015.05
2878.85	3155.83
2881.29	3006.01
2883.73	3188.73
2886.17	2864.17
2888.6	3003.56
2891.04	3020.38
2893.47	3137.48
2895.89	3106.08
2898.32	3181.11
2900.74	3276.61
2903.16	3401.57
2905.57	3564.16
2907.98	3665.72
2910.39	3813.65
2912.8	4088.13
2915.2	4312.57
2917.6	4576.63
2919.99	4844.03
2922.39	5080.86
2924.78	5318.73
2927.17	5400.22
2929.55	5881.78
2931.93	5897.87
2934.31	6041.52
2936.69	6110.23
2939.06	5984.81
2941.43	5911.03
2943.8	5535.08
2946.16	5292.31
2948.52	4727.29
2950.88	4476.28
2953.23	4081.38
2955.58	3870.91
2957.93	3909.35
2960.28	3638.83
2962.62	3565.44
2964.96	3431.99
2967.3	3288.63
2969.63	3221.65
2971.96	3088.74
2974.29	2953.93
2976.62	2885.1
2978.94	2695.32
2981.26	2590.12
2983.57	2507.56
2985.88	2279.58
2988.19	2095.35
2990.5	1913.93
2992.8	1674.76
2995.1	1657.85
2997.4	1417.83
2999.7	1308.85
3001.99	1173.72
3004.28	986.298
3006.56	814.78
3008.85	733.504
3011.13	629.478
3013.4	443.28
3015.68	424.771
3017.95	252.645
3020.22	229.218
3022.48	-26.5001
3024.74	212.293
3027	-75.9146
3029.26	60.5369
3031.51	37.499
3033.76	40.8107
3036.01	-26.9771
3038.25	56.3727
3040.49	114.933
3042.73	-21.6758
3044.96	86.7345
3047.2	90.5355
3049.43	226.165
3051.65	199.875
3053.87	226.184
3056.09	370.423
3058.31	369.554
3060.52	588.173
3062.74	440.282
3064.94	615.431
3067.15	485.431
3069.35	351.827
3071.55	243.178
3073.74	259.456
3075.94	268.403
3078.13	194.852
3080.31	65.1298
3082.5	22.3182
3084.68	46.1453
3086.86	-9.39677
3089.03	29.0816
3091.2	21.9184
3093.37	-0.599304
3095.54	45.7072
3097.7	32.2246
3099.86	39.5272
3102.02	78.5944
3104.17	-9.56892
3106.32	-29.8853
3108.47	-53.1611
3110.61	-55.6136
3112.75	-16.0659
3114.89	92.2317
3116.84	163.258
3119.15	0.808365
3121.46	42.0085
3123.76	40.2243
3126.07	43.4732
3128.37	53.8111
3130.66	-99.3881
3132.96	53.6869
3135.25	-15.2687
3137.54	-62.5857
3139.83	167.257
3142.11	-47.6957
3144.39	0.11021
3146.67	50.2206
3148.95	-96.9102
3149.19	26.9436
