400.424	86.3457
404.669	51.8984
408.909	120.135
413.143	79.0605
417.374	290.438
421.6	159.33
425.822	57.8164
430.039	63.0586
434.253	171.932
438.461	116.807
442.664	182.654
446.866	24.3105
451.06	159.533
455.251	130.01
459.437	161.854
463.619	72.623
467.798	-14.9316
471.97	64.9805
476.139	102.98
480.303	158.781
484.464	0.638672
488.619	171.871
492.771	197.957
496.916	250.465
501.057	423.639
505.196	382.975
509.329	379.58
513.458	925.121
517.583	585.398
521.704	770.21
525.82	717.975
529.931	918.163
534.037	801.279
538.14	567.901
542.238	550.779
546.332	507.015
550.422	319.051
554.506	201.642
558.587	299.97
562.663	257.512
566.734	221.096
570.802	220.501
574.863	182.823
578.922	295.223
582.978	96.9863
587.027	109.438
591.073	10.2393
595.112	165.298
599.148	120.684
603.18	106.262
607.209	174.922
611.231	152.702
615.25	176.753
619.265	368.31
623.274	229.656
627.279	238.632
631.281	248.627
635.278	221.825
639.27	163.78
643.258	199.302
647.243	110.336
651.222	30.7881
655.195	78.7256
659.166	13.3486
663.131	121.899
667.093	35.3799
671.051	120.688
675.001	16.7656
678.949	46.0869
682.894	79.0811
686.835	80.6465
690.769	150.129
694.7	210.027
698.626	145.398
702.548	144.731
706.465	46.9248
710.378	224.74
714.287	337.755
718.192	252.926
722.09	120.192
725.986	100.231
729.879	68.0791
733.766	395.125
737.647	111.913
741.526	337.862
745.4	292.563
749.268	309.979
753.133	399.348
756.994	324.659
760.851	319.547
764.701	262.894
768.547	156.279
772.389	47.709
776.23	56.0469
780.063	107.344
783.893	89.0762
787.719	7.08496
791.541	167.016
795.356	114.013
799.168	62.9824
802.977	177.138
806.781	9.84082
810.58	153.348
814.375	179.239
818.162	385.912
821.95	479.848
825.732	532.539
829.509	326.726
833.282	348.625
837.05	540.604
840.814	497.022
844.575	498
848.33	592.439
852.079	761.405
855.825	658.827
859.568	738.302
863.307	928.692
867.04	851.746
870.769	929.154
874.493	1057.97
878.214	1238.58
881.93	1456.24
885.642	1539.31
889.35	1900.96
893.053	1949.78
896.751	2066.65
900.445	2217.73
904.134	2315.83
907.821	2302.56
911.503	2315.76
912.036	2313.99
915.893	2316.3
919.749	2431.4
923.602	2140.58
927.45	1792.34
931.291	1701.83
935.131	1533.35
938.965	1390.53
942.797	1181.17
946.624	925.244
950.447	851.271
954.267	871.706
958.081	751.591
961.891	623.461
965.697	348.157
969.498	266.711
973.298	100.323
977.092	92.3398
980.881	87.1699
984.668	80.9248
988.45	151.369
992.226	172.689
996.001	66.2119
999.772	1062.7
1003.54	655.064
1007.3	191.29
1011.06	113.165
1014.81	27.5459
1018.56	46.9326
1022.31	22.959
1026.05	225.536
1029.78	515.744
1033.52	195.668
1037.24	188.729
1040.97	8.68066
1044.69	-17.8809
1048.41	230.509
1052.12	-5.87012
1055.83	-27.3994
1059.53	143.638
1063.23	43.1357
1066.93	-54.709
1070.62	152.266
1074.31	12.6885
1077.99	34.5176
1081.67	102.608
1085.35	4.86523
1089.02	112.62
1092.69	41.5781
1096.35	58.0205
1100.01	131.954
1103.67	72.0449
1107.32	62.2578
1110.97	-35.249
1114.61	224.683
1118.25	148.401
1121.88	347.354
1125.52	291.34
1129.14	356.578
1132.76	278.351
1136.38	-46.0215
1140	49.9551
1143.61	61.9541
1147.22	153.171
1150.82	125.648
1154.42	108.237
1158.01	227.266
1161.6	131.063
1165.19	33.3877
1168.77	249.812
1172.35	178.58
1175.92	245.497
1179.49	139.146
1183.06	151.091
1186.62	252.991
1190.18	268.433
1193.73	219.617
1197.28	200.292
1200.83	414.193
1204.37	525.445
1207.91	313.2
1211.44	290.047
1214.97	255.399
1218.49	270.65
1222.01	278.68
1225.53	315.71
1229.04	302.823
1232.55	294.125
1236.06	373.885
1239.56	346.231
1243.06	354.064
1246.55	348.332
1250.04	367.715
1253.52	443.828
1257	482.834
1260.48	388.981
1263.95	401.176
1267.42	515.432
1270.88	541.911
1274.34	353.633
1277.8	471.422
1281.25	460.956
1284.7	453.579
1288.14	457.417
1291.58	571.267
1295.02	634.027
1298.45	679.518
1301.88	623.962
1305.3	594.787
1308.72	695.802
1312.14	667.356
1315.55	551.92
1318.96	722.097
1322.36	628.943
1325.76	592.607
1329.16	600.945
1332.54	516.724
1335.93	515.135
1339.32	620.284
1342.69	459.271
1346.07	326.356
1349.44	236.483
1352.81	161.008
1356.17	217.402
1359.53	152.09
1362.89	45.3564
1364.21	8.15137
1367.74	3.95313
1371.27	95.7568
1374.8	32.1387
1378.32	98.5469
1381.83	228.037
1385.34	182.862
1388.85	406.962
1392.36	410.139
1395.86	530.438
1399.35	387.545
1402.85	530.136
1406.34	527.672
1409.82	468.212
1413.3	612.968
1416.78	613.433
1420.26	530.204
1423.73	568.437
1427.19	643.535
1430.66	732.146
1434.12	774.474
1437.57	971.353
1441.02	1112.49
1444.47	1057.96
1447.91	1040.77
1451.36	1002.54
1454.79	882.594
1458.23	870.983
1461.65	863.46
1465.08	666.767
1468.5	556.707
1471.92	253.064
1475.33	210.782
1478.74	-20.4932
1482.15	164.799
1485.55	184.413
1488.95	39.5342
1492.34	87.4834
1495.73	141.027
1499.12	232.104
1502.5	132.007
1505.88	125.332
1509.26	297.735
1512.63	267.376
1516	169.402
1519.36	316.48
1522.72	405.548
1526.08	367.731
1529.43	430.697
1532.78	478.96
1536.13	484.301
1539.47	583.126
1542.81	521.041
1546.14	608.99
1549.47	639.994
1552.79	632.822
1556.12	508.79
1559.44	472.978
1562.75	484.404
1566.06	557.618
1569.37	496.154
1572.68	376.386
1575.97	423.669
1579.27	389.438
1582.56	359.958
1585.85	434.889
1589.14	366.712
1592.42	403.633
1595.69	447.812
1598.97	530.349
1602.24	596.517
1605.5	778.7
1608.76	741.331
1612.02	714.047
1615.28	694.569
1618.53	716.952
1621.77	788.225
1625.02	759.406
1628.26	770.083
1631.49	816.16
1634.72	846.69
1637.95	932.027
1641.17	899.03
1644.4	980.515
1647.61	1024.43
1650.82	1176.45
1654.03	1174.17
1657.24	1120.3
1660.44	1102.28
1663.63	1110.96
1666.83	867.475
1670.02	844.039
1673.2	731.96
1676.39	574.398
1679.56	533.935
1682.74	394.348
1685.91	327.555
1689.08	162.196
1692.24	183.298
1695.4	28.2695
1698.56	48.7461
1701.71	114.216
1704.86	0.693359
1708	-92.166
1711.14	-70.2529
1714.28	-27.1064
1717.41	-52.2637
1720.54	-5.66113
1723.67	-77.1807
1726.79	-73.0283
1729.91	-39.2324
1733.02	-113.916
1736.13	-78.333
1739.24	-93.3662
1742.34	-165.729
1745.44	-174.234
1748.53	-159.135
1751.62	-94.3613
1754.71	-30.708
1757.8	7.66211
1760.88	-100.752
1763.95	-149.57
1767.03	-23.7568
1770.1	-22.7441
1773.16	-133.238
1776.22	-56.7705
1778.67	49.9502
1781.9	-58.4951
1785.13	-137.118
1788.36	-240.863
1791.59	-283.479
1794.81	-141.538
1798.03	-108.511
1801.24	-374.594
1804.45	-186.409
1807.66	-184.58
1810.87	-265.431
1814.06	-245.91
1817.26	-156.784
1820.46	-154.815
1823.65	-296.995
1826.83	-109.659
1830.01	-273.938
1833.19	-242.587
1836.37	-141.785
1839.54	-168.328
1842.71	-161.235
1845.87	-143.53
1849.03	-37.6309
1852.19	-58.0166
1855.35	-103.945
1858.5	-159.79
1861.64	-63.7725
1864.79	28.3799
1867.93	-45.7842
1871.06	-113.54
1874.2	-179.242
1877.33	17.1465
1880.45	-62.1133
1883.58	-106.879
1886.69	-67.958
1889.81	-90.8994
1892.92	-163.975
1896.03	-236.262
1899.13	-164.262
1902.23	-87.7119
1905.33	-125.004
1908.42	-207.625
1911.51	-92.6533
1914.6	-160.916
1917.69	-127.646
1920.76	-190.852
1923.84	-265.781
1926.91	-129.651
1929.98	-129.732
1933.05	-63.7598
1936.11	-158.165
1939.17	-123.018
1942.22	-124.115
1945.27	-146.945
1948.32	-148.884
1951.36	-136.438
1954.41	-104.388
1957.44	-254.561
1960.48	-196.697
1963.51	-186.739
1966.53	-180.147
1969.56	-210.755
1972.57	-197.023
1975.59	-149.608
1978.6	-155.334
1981.61	-86.5781
1984.62	-49.6553
1987.62	-138.17
1990.62	-73.1465
1993.61	-11.3799
1996.6	-32.7129
1999.59	-3.29004
2002.57	-26.3428
2005.55	20.6396
2008.53	-108.474
2011.5	-144.339
2014.47	-72.5107
2017.44	-162.57
2020.4	-159.396
2023.36	-280.57
2026.32	-249.372
2029.27	-258.641
2032.22	-362.525
2035.16	-339.508
2038.1	-307.5
2041.04	-291.358
2043.97	-292.398
2046.9	-219.139
2049.83	-195.173
2052.76	-187.418
2055.68	-52.7334
2058.59	-112.146
2061.5	-211.836
2064.41	-214.986
2067.32	-202.822
2070.22	-233.348
2073.12	-189.995
2076.01	-150.03
2078.91	-374.332
2081.79	-196.724
2084.68	-171.897
2087.56	-189.887
2090.44	-282.746
2093.31	-215.414
2096.18	-155.075
2099.05	-102.313
2101.91	-123.977
2104.77	-173.636
2107.63	-140.65
2110.48	-120.112
2113.33	-212.808
2116.17	-98.4063
2119.02	-79.8691
2121.85	-132.836
2124.69	-38.9258
2127.52	-159.781
2130.35	-111.063
2133.17	-98.6846
2135.99	-128.478
2138.81	-184.398
2141.62	-212.391
2144.43	-188.215
2147.24	-135.306
2150.04	-169.004
2152.84	-188.575
2155.64	-167.743
2157.47	-220.298
2160.44	-206.684
2163.4	-145.836
2166.37	-191.819
2169.32	-226.828
2172.28	-185.151
2175.24	-223.95
2178.18	-154.465
2181.13	-19.2539
2184.07	-129.919
2187.01	-158.485
2189.95	-274.183
2192.88	-249.775
2195.81	-89.7314
2198.74	-141.297
2201.66	-163.112
2204.58	-161.948
2207.5	-289.814
2210.41	-104.781
2213.32	-181.758
2216.23	-137.059
2219.13	-145.939
2222.03	-193.062
2224.93	-156.484
2227.82	-206.271
2230.71	-174.304
2233.6	-112.676
2236.48	-239.546
2239.36	-141.963
2242.24	-142.659
2245.11	-112.922
2247.98	-6.7666
2250.84	-146.644
2253.71	-58.2461
2256.57	-138.371
2259.42	-97.9648
2262.28	-186.375
2265.13	-205.69
2267.98	-52.3652
2270.82	-110.023
2273.66	-221.119
2276.49	-199.563
2279.33	-60.4072
2282.16	-252.591
2284.98	-268.502
2287.8	-133.425
2290.63	-171.185
2293.44	-116.445
2296.26	-231.9
2299.07	-218.296
2301.87	-211.979
2304.68	-228.875
2307.48	-150.175
2310.27	-268.591
2313.06	-199.02
2315.85	-246.692
2318.64	-319.44
2321.42	-161.888
2324.2	-104.529
2326.98	-225.815
2329.75	-148.674
2332.52	-190.371
2335.29	-243.896
2338.05	-234.456
2340.81	-205.188
2343.57	-107.262
2346.32	-133.079
2349.07	-207.724
2351.82	-79.7363
2354.56	-116.803
2357.3	-225.879
2360.04	-75.6025
2362.77	-80.2607
2365.5	-115.446
2368.23	-115.876
2370.95	-120.203
2373.67	-188.374
2376.38	-243.795
2379.1	-150.274
2381.81	-186.273
2384.51	-204.049
2387.22	-69.5801
2389.92	-47.6445
2392.61	-64.6631
2395.3	-128.544
2397.99	-212.931
2400.68	-183.436
2403.36	-213.56
2406.04	-205.768
2408.72	-133.282
2411.39	-145.925
2414.06	-288.946
2416.73	-227.739
2419.39	-137.151
2422.05	-224.989
2424.71	-214.845
2427.36	-104.591
2430.01	-245.553
2432.65	-165.169
2435.3	-191.393
2437.94	-106.025
2440.57	-142.117
2443.21	-194.185
2445.84	-173.744
2448.46	-143.808
2451.08	-196.31
2453.7	3.52051
2456.32	-87.4004
2458.93	-230.335
2461.54	-142.284
2464.15	-134.455
2466.75	-61.5557
2469.35	-79.1572
2471.95	-84.7129
2474.54	-113.731
2477.13	-83.1953
2479.71	-150.681
2482.3	-97.4521
2484.87	-85.9512
2487.45	-185.716
2490.02	-203.771
2492.59	-112.256
2495.16	-52.21
2497.72	-203.228
2500.28	-21.4404
2502.84	-68.458
2505.47	-52.3477
2508.2	-96.7305
2510.92	-80.5332
2513.65	-195.563
2516.37	-158.444
2519.08	-119.268
2521.79	-204.388
2524.5	-180.156
2527.21	-59.1465
2529.91	15.4873
2532.61	-165.626
2535.31	-208.341
2538	-88.1563
2540.7	-218.956
2543.38	-142.542
2546.07	-90.4795
2548.75	-245.615
2551.43	-190.666
2554.1	-87.1973
2556.78	-73.9385
2559.44	-77.8301
2562.11	-83.8301
2564.77	-76.7422
2567.43	-104.945
2570.09	-14.5732
2572.74	-183.932
2575.39	-185.305
2578.04	-247.708
2580.68	-110.454
2583.32	-215.145
2585.96	-298.074
2588.59	-77.8662
2591.22	-174.709
2593.85	-42.8145
2596.48	-80.7891
2599.1	-98.6025
2601.72	-155.311
2604.33	-40.9443
2606.94	-66.9443
2609.55	-74.5674
2612.16	-70.165
2614.76	-108.051
2617.36	-175.817
2619.96	-72.1104
2622.55	-81.6025
2625.14	-78.3701
2627.73	-86.5088
2630.31	-180.026
2632.89	-138.761
2635.47	-156.378
2638.05	-69.9355
2640.62	-132.196
2643.19	-100.908
2645.75	-144.71
2648.31	-160.724
2650.87	-157.887
2653.43	-116.14
2655.98	-144.123
2658.53	-95.1143
2661.07	-159.291
2663.62	-40.4648
2666.16	-125.321
2668.69	-145.118
2671.23	-212.775
2673.76	-126.223
2676.28	-291.732
2678.81	-296.909
2681.33	-97.7412
2683.85	-180.497
2686.36	-157.391
2688.87	-222.829
2691.38	-206.002
2693.89	-203.366
2696.39	-194.286
2698.89	-215.049
2701.38	-74.6689
2703.87	-159.751
2706.36	-75.6387
2708.85	-65.1729
2711.33	-123.435
2713.81	-7.00879
2716.29	-49.0566
2718.76	-134.024
2721.23	-117.122
2723.7	46.04
2726.16	-56.541
2728.62	-124.766
2731.08	-51.7227
2733.54	-21.4697
2735.99	-29.0078
2738.43	-73.2695
2740.88	-42.6123
2743.32	-152.784
2745.76	-99.9189
2748.2	-138.224
2750.63	-259.964
2753.06	-179.687
2755.48	-131.286
2757.91	-98.3242
2760.33	-126.453
2762.74	-73.5352
2765.16	-89.8555
2767.57	-136.063
2769.97	-129.538
2772.38	-24.6475
2774.78	-47.2822
2777.18	-117.721
2779.57	-48.2461
2781.96	-162.87
2784.35	-276.473
2786.73	-209.254
2789.11	-121.505
2791.49	-6.35352
2793.87	-204.482
2796.24	-166.157
2798.61	-119.144
2800.98	-91.5586
2803.34	-114.21
2805.7	-0.306641
2808.06	75.1875
2810.41	21.875
2812.76	39.083
2815.11	127.648
2817.45	106.644
2819.79	221.799
2822.13	303.583
2824.32	272.696
2826.83	211.457
2829.33	153.382
2831.84	325.071
2834.34	336.415
2836.84	570.502
2839.33	768.763
2841.82	783.741
2844.31	969.969
2846.8	1274.94
2849.28	1256.24
2851.76	1304.2
2854.24	1490.47
2856.71	1612.11
2859.18	1620.44
2861.65	1767.51
2864.12	1873.78
2866.58	2174.71
2869.04	2508.46
2871.49	2854.91
2873.95	2931.06
2876.4	2951.84
2878.85	2923.86
2881.29	2882
2883.73	2743.15
2886.17	2602.51
2888.6	2710.49
2891.04	2729.08
2893.47	2735.87
2895.89	2810.18
2898.32	2657.45
2900.74	3000.33
2903.16	2886.02
2905.57	3026.44
2907.98	3206.65
2910.39	3343.72
2912.8	3626.19
2915.2	3632.47
2917.6	3915.26
2919.99	4002.91
2922.39	4272.89
2924.78	4269.31
2927.17	4576.02
2929.55	4725.01
2931.93	4749.09
2934.31	4672.3
2936.69	4630.87
2939.06	4721.89
2941.43	4436.23
2943.8	4275.65
2946.16	3899.67
2948.52	3607.74
2950.88	3319.65
2953.23	3117.58
2955.58	3032.12
2957.93	2996.77
2960.28	2828.36
2962.62	2697.96
2964.96	2682.24
2967.3	2532.33
2969.63	2402.83
2971.96	2426.2
2974.29	2306.16
2976.62	2162.61
2978.94	1951.1
2981.26	1948.29
2983.57	1865.71
2985.88	1790.45
2988.19	1648.84
2990.5	1485.72
2992.8	1322.79
2995.1	1164.59
2997.4	1026.31
2999.7	981.313
3001.99	926.265
3004.28	749.775
3006.56	699.471
3008.85	588.297
3011.13	524.354
3013.4	382.103
3015.68	406.461
3017.95	323.14
3020.22	295.863
3022.48	152.671
3024.74	85.0498
3027	6
3029.26	-11.3506
3031.51	79.9512
3033.76	96.6367
3036.01	128.984
3038.25	105.438
3040.49	138.738
3042.73	173.263
3044.96	170.647
3047.2	188.98
3049.43	194.734
3051.65	290.195
3053.87	313.828
3056.09	365.99
3058.31	408.049
3060.52	412.415
3062.74	444.353
3064.94	408.105
3067.15	400.062
3069.35	344.688
3071.55	303.169
3073.74	260.188
3075.94	168.25
3078.13	164.59
3080.31	54.3975
3082.5	-2.56348
3084.68	-68.2549
3086.86	-16.082
3089.03	-50.6826
3091.2	-71.2803
3093.37	-41.2295
3095.54	-10.7959
3097.7	38.4561
3099.86	-78.2002
3102.02	-63.3916
3104.17	-10.5313
3106.32	45.2813
3108.47	81.9668
3110.61	111.578
3112.75	157.938
3114.89	101.854
3116.84	221.021
3119.15	273.398
3121.46	151.171
3123.76	197.628
3126.07	238.608
3128.37	306.814
3130.66	302.758
3132.96	328.064
3135.25	242.037
3137.54	304.194
3139.83	234.644
3142.11	356.525
3144.39	319.603
3146.67	333.357
3148.95	400.131
3149.19	536.927
