400.424	62.7148
404.669	307.008
408.909	325.713
413.143	348.078
417.374	418.535
421.6	240.521
425.822	424.916
430.039	388.744
434.253	123.756
438.461	45.502
442.664	306.568
446.866	160.445
451.06	145.664
455.251	-15.2969
459.437	133.172
463.619	55.6641
467.798	-21.9453
471.97	-72.5898
476.139	216.602
480.303	52.0566
484.464	110.053
488.619	192.73
492.771	121.141
496.916	317.436
501.057	242.16
505.196	136.189
509.329	31.1484
513.458	190.115
517.583	288.342
521.704	69.7422
525.82	187.543
529.931	116.342
534.037	78.4434
538.14	-13.0957
542.238	197.053
546.332	0.351563
550.422	211.898
554.506	117.125
558.587	322.977
562.663	490.42
566.734	243.268
570.802	160.424
574.863	251.229
578.922	108.346
582.978	361.736
587.027	293.363
591.073	193.865
595.112	247.535
599.148	372.605
603.18	318.279
607.209	-21.6367
611.231	340.436
615.25	184.162
619.265	1.53711
623.274	328.289
627.279	102.314
631.281	80.2031
635.278	457.02
639.27	242.666
643.258	383.559
647.243	377.914
651.222	210.918
655.195	380.201
659.166	640.443
663.131	889.363
667.093	666.119
671.051	558.992
675.001	457.141
678.949	326.596
682.894	294.92
686.835	199.904
690.769	262.508
694.7	50.793
698.626	97.2734
702.548	67.0723
706.465	53.0078
710.378	124.621
714.287	235.777
718.192	283.818
722.09	451.9
725.986	258.195
729.879	223.496
733.766	128.592
737.647	314.199
741.526	178.691
745.4	207.143
749.268	321.936
753.133	372.615
756.994	364.232
760.851	193.752
764.701	198.561
768.547	282.729
772.389	241.734
776.23	90.043
780.063	60.1484
783.893	223.828
787.719	302.77
791.541	212.67
795.356	79.2344
799.168	323.719
802.977	53.7949
806.781	71.168
810.58	-16.873
814.375	530.781
818.162	444.441
821.95	294.93
825.732	131.791
829.509	382.473
833.282	253.645
837.05	535.41
840.814	410.912
844.575	153.012
848.33	201.354
852.079	267.801
855.825	247.031
859.568	46.2227
863.307	65.1523
867.04	139.516
870.769	54.9844
874.493	270.293
878.214	424.324
881.93	667.152
885.642	702.025
889.35	388.422
893.053	323.004
896.751	326.664
900.445	171.764
904.134	292.547
907.821	284.32
911.503	19.5625
912.036	-36.8789
915.893	33.4043
919.749	247.379
923.602	107.67
927.45	563.598
931.291	619.123
935.131	218.84
938.965	214.256
942.797	172.363
946.624	-67.7266
950.447	-35.0273
954.267	121.574
958.081	-79.8711
961.891	109.623
965.697	-111.883
969.498	96.3594
973.298	113.354
977.092	173.424
980.881	423.068
984.668	461.859
988.45	510.25
992.226	675.609
996.001	648.48
999.772	911.385
1003.54	917.314
1007.3	378.807
1011.06	377.375
1014.81	258.85
1018.56	52.4902
1022.31	218.668
1026.05	100.561
1029.78	283.916
1033.52	1.66797
1037.24	178.957
1040.97	71.9121
1044.69	213.902
1048.41	135.99
1052.12	292.246
1055.83	910.504
1059.53	1734.02
1063.23	1531.94
1066.93	546.943
1070.62	317.336
1074.31	258.611
1077.99	323.789
1081.67	321.768
1085.35	292.496
1089.02	573.244
1092.69	627.396
1096.35	473.613
1100.01	337.135
1103.67	507.256
1107.32	362.15
1110.97	366.443
1114.61	206.5
1118.25	351.459
1121.88	478.662
1125.52	999.617
1129.14	2372.86
1132.76	2053.21
1136.38	684.572
1140	398.875
1143.61	224.779
1147.22	91.4941
1150.82	288.059
1154.42	329.168
1158.01	77.2188
1161.6	301.609
1165.19	450.17
1168.77	556.59
1172.35	647.533
1175.92	358.961
1179.49	83.998
1183.06	176.434
1186.62	111.605
1190.18	41.8594
1193.73	179.936
1197.28	199.615
1200.83	256.74
1204.37	211.145
1207.91	234.34
1211.44	52.8066
1214.97	-2.09961
1218.49	148.004
1222.01	213.229
1225.53	201.184
1229.04	245.244
1232.55	173.736
1236.06	171.348
1239.56	190.592
1243.06	92.3223
1246.55	45.1855
1250.04	203.459
1253.52	325.963
1257	128.467
1260.48	70.2305
1263.95	219.514
1267.42	324.549
1270.88	424.256
1274.34	440.6
1277.8	575.412
1281.25	742.922
1284.7	898.291
1288.14	1546.32
1291.58	3031.18
1295.02	3557.47
1298.45	2408.08
1301.88	1545.96
1305.3	1510.71
1308.72	1393.13
1312.14	1210.17
1315.55	1186.73
1318.96	1097.67
1322.36	1026.48
1325.76	878.445
1329.16	1019.74
1332.54	688.98
1335.93	777.555
1339.32	564.941
1342.69	568.6
1346.07	440.703
1349.44	353.531
1352.81	155.371
1356.17	219.246
1359.53	18.1094
1362.89	87.4805
1364.21	207.107
1367.74	354.922
1371.27	280.383
1374.8	273.416
1378.32	269.26
1381.83	303.229
1385.34	308.377
1388.85	353.016
1392.36	324.621
1395.86	392.264
1399.35	446.068
1402.85	737.576
1406.34	963.771
1409.82	1030.38
1413.3	1238.16
1416.78	1803.77
1420.26	1332.71
1423.73	1257.21
1427.19	1421.31
1430.66	1447.87
1434.12	2238.81
1437.57	3440.76
1441.02	3352.91
1444.47	2577.06
1447.91	2166.69
1451.36	2219.61
1454.79	2091.18
1458.23	2200.49
1461.65	2251.64
1465.08	1783.15
1468.5	1380.71
1471.92	779.82
1475.33	586.742
1478.74	388.168
1482.15	131.561
1485.55	80.125
1488.95	201.826
1492.34	71.6641
1495.73	81.8965
1499.12	148.525
1502.5	250.035
1505.88	311.594
1509.26	494.836
1512.63	449.715
1516	443.305
1519.36	647.895
1522.72	734.225
1526.08	837.916
1529.43	674.785
1532.78	814.756
1536.13	852.596
1539.47	803.496
1542.81	759.686
1546.14	751.635
1549.47	748.297
1552.79	519.525
1556.12	591.977
1559.44	666.096
1562.75	538.744
1566.06	463.475
1569.37	403.875
1572.68	399.234
1575.97	292.695
1579.27	235.535
1582.56	175.818
1585.85	87.5352
1589.14	24.1426
1592.42	130.158
1595.69	309.803
1598.97	336.457
1602.24	664.721
1605.5	1097
1608.76	1191.73
1612.02	944.215
1615.28	739.949
1618.53	683.781
1621.77	603.291
1625.02	447.744
1628.26	527.773
1631.49	647.383
1634.72	782.555
1637.95	777.525
1641.17	873.613
1644.4	844.193
1647.61	907.043
1650.82	1032.41
1654.03	1057.53
1657.24	1257.22
1660.44	1052.35
1663.63	1096.09
1666.83	997.582
1670.02	903.67
1673.2	710.793
1676.39	814.998
1679.56	462.402
1682.74	496.965
1685.91	215.217
1689.08	310.17
1692.24	188.932
1695.4	171.27
1698.56	101.324
1701.71	9.11914
1704.86	42.4727
1708	112.135
1711.14	161.154
1714.28	299.104
1717.41	400.92
1720.54	428.738
1723.67	435.244
1726.79	541.617
1729.91	259.832
1733.02	363.402
1736.13	390.531
1739.24	300.893
1742.34	150.24
1745.44	240.807
1748.53	129.125
1751.62	-90.8848
1754.71	-28.875
1757.8	36.6641
1760.88	19.2461
1763.95	40.918
1767.03	44.0059
1770.1	-11.252
1773.16	10.7773
1776.22	-5.92383
1778.67	132.273
1781.9	-81.1426
1785.13	-95.9902
1788.36	-215.088
1791.59	-136.613
1794.81	-114.811
1798.03	-57.2988
1801.24	-122.188
1804.45	-151.326
1807.66	-72.5117
1810.87	-334.379
1814.06	-59.2402
1817.26	-14.4883
1820.46	-192.617
1823.65	-49.8906
1826.83	-28.5547
1830.01	-85.8086
1833.19	-91.8203
1836.37	-88.375
1839.54	-97.9473
1842.71	59.3125
1845.87	-90.0625
1849.03	-89.8477
1852.19	-77.4141
1855.35	79.2969
1858.5	5.66602
1861.64	-4.45898
1864.79	36.1777
1867.93	46.8516
1871.06	88.752
1874.2	9.64648
1877.33	92.4355
1880.45	75.3301
1883.58	-3.32813
1886.69	45.4063
1889.81	94.8809
1892.92	95.8105
1896.03	152.092
1899.13	106.082
1902.23	180.414
1905.33	99.5039
1908.42	5.16406
1911.51	52.5957
1914.6	-135.061
1917.69	-98.2012
1920.76	-149.527
1923.84	-67.8516
1926.91	-67.6191
1929.98	14.0371
1933.05	-122.186
1936.11	-259.971
1939.17	-20.4063
1942.22	-106.227
1945.27	-37.4258
1948.32	-224.404
1951.36	-160.66
1954.41	-248.875
1957.44	-126.643
1960.48	-118.84
1963.51	17.7285
1966.53	-207.023
1969.56	-140.533
1972.57	-184.332
1975.59	-191.223
1978.6	-35.9629
1981.61	28.7246
1984.62	59.5586
1987.62	100.525
1990.62	85.4805
1993.61	92.3066
1996.6	62.9141
1999.59	139.771
2002.57	51.4629
2005.55	17.2656
2008.53	78.2363
2011.5	70.957
2014.47	32.6016
2017.44	39.5352
2020.4	-109.268
2023.36	-24.6836
2026.32	1.22852
2029.27	-69.9297
2032.22	-158.871
2035.16	-130.475
2038.1	-64.1387
2041.04	-66.5332
2043.97	-150.695
2046.9	-178.506
2049.83	-3.72656
2052.76	-61.7227
2055.68	-175.172
2058.59	-146.717
2061.5	-72.7695
2064.41	-220.725
2067.32	-84.6094
2070.22	-93.1348
2073.12	2.09961
2076.01	16.7891
2078.91	-88.8379
2081.79	-42.0742
2084.68	133.578
2087.56	-165.357
2090.44	-25.1504
2093.31	-78.9922
2096.18	-80.9941
2099.05	-70.9824
2101.91	-12.248
2104.77	155.846
2107.63	15.6289
2110.48	-14.7832
2113.33	109.975
2116.17	141.934
2119.02	119.512
2121.85	-8.06445
2124.69	116.566
2127.52	182.184
2130.35	-79.0215
2133.17	-125.291
2135.99	34.832
2138.81	41.5078
2141.62	48.9199
2144.43	-95.1973
2147.24	-81.9473
2150.04	-121.885
2152.84	-328.352
2155.64	-282.441
2157.47	-84.4883
2160.44	-110.559
2163.4	-215.365
2166.37	-259.113
2169.32	-113.736
2172.28	-116.844
2175.24	-94.3438
2178.18	46.7813
2181.13	133.037
2184.07	-120.686
2187.01	-181.529
2189.95	61.6641
2192.88	-83.3242
2195.81	-115.467
2198.74	-40.2852
2201.66	-48.209
2204.58	-179.738
2207.5	35.1484
2210.41	42.4063
2213.32	-87.168
2216.23	-120.877
2219.13	26.8574
2222.03	45.1875
2224.93	33.6738
2227.82	-88.7871
2230.71	-7.66992
2233.6	102.197
2236.48	32.4707
2239.36	127.813
2242.24	70.5977
2245.11	58.5684
2247.98	199.791
2250.84	22.6426
2253.71	217.113
2256.57	90.5234
2259.42	-29.6934
2262.28	139.449
2265.13	-30.0645
2267.98	55.2578
2270.82	34.9883
2273.66	125.318
2276.49	-31.8184
2279.33	117.563
2282.16	-67.1465
2284.98	-50.4648
2287.8	-82.7656
2290.63	-61.7285
2293.44	94.5078
2296.26	136.158
2299.07	23.582
2301.87	-19.1875
2304.68	127.271
2307.48	-0.195313
2310.27	101.529
2313.06	113.447
2315.85	149.572
2318.64	2.05664
2321.42	-154.299
2324.2	-182.094
2326.98	51
2329.75	-68.9941
2332.52	23.0605
2335.29	-81.2656
2338.05	-15.6621
2340.81	85.457
2343.57	-17.7617
2346.32	90.0977
2349.07	51.5273
2351.82	-17.873
2354.56	27.8477
2357.3	108.926
2360.04	69.748
2362.77	67.8672
2365.5	47.1367
2368.23	98.1426
2370.95	94.4629
2373.67	90.998
2376.38	47.5391
2379.1	172.111
2381.81	173.381
2384.51	60.8398
2387.22	10.8496
2389.92	-3.18164
2392.61	60.5332
2395.3	93
2397.99	-40.0156
2400.68	-60.4805
2403.36	-31.4883
2406.04	1.98438
2408.72	87.4688
2411.39	134.369
2414.06	103.455
2416.73	-49.9199
2419.39	90.3965
2422.05	105.18
2424.71	19.9121
2427.36	119.477
2430.01	16.3555
2432.65	5.77344
2435.3	-21.4727
2437.94	-33.7852
2440.57	-96.5488
2443.21	-108.85
2445.84	-107.553
2448.46	-74.6992
2451.08	15.4629
2453.7	142.742
2456.32	109.063
2458.93	106.834
2461.54	161.717
2464.15	-76.5938
2466.75	-147.6
2469.35	29.6133
2471.95	24.7852
2474.54	-26.6582
2477.13	233.268
2479.71	21.082
2482.3	-190.301
2484.87	-113.984
2487.45	-28.5859
2490.02	-3.66992
2492.59	-91.4043
2495.16	-110.871
2497.72	-17.459
2500.28	-79.125
2502.84	42.7383
2505.47	7.05859
2508.2	184.586
2510.92	-67.0527
2513.65	-130.883
2516.37	-79.334
2519.08	153.869
2521.79	-105.891
2524.5	-50.1875
2527.21	-159.063
2529.91	-75.0391
2532.61	-309.564
2535.31	-40.7949
2538	19.9531
2540.7	-160.273
2543.38	-120.26
2546.07	-101.801
2548.75	68.7617
2551.43	-20.0723
2554.1	45.6016
2556.78	-122.139
2559.44	1.28516
2562.11	1.00195
2564.77	-133.137
2567.43	124.467
2570.09	-209.453
2572.74	-214.664
2575.39	9.04492
2578.04	-185.707
2580.68	28.752
2583.32	178.504
2585.96	-44.4414
2588.59	6.04102
2591.22	141.855
2593.85	146.959
2596.48	1.5293
2599.1	22.9199
2601.72	141.293
2604.33	2.29492
2606.94	54.0254
2609.55	-65.8633
2612.16	-46.2363
2614.76	142.734
2617.36	-67.8633
2619.96	5.72461
2622.55	-128.998
2625.14	-101.697
2627.73	-47.4766
2630.31	25.584
2632.89	-110.361
2635.47	-25.1465
2638.05	-21.1523
2640.62	29.709
2643.19	33.1152
2645.75	-35.709
2648.31	-85.7227
2650.87	-55.0977
2653.43	-55.0352
2655.98	50.8438
2658.53	21.5742
2661.07	-12.084
2663.62	-146.184
2666.16	26.5234
2668.69	-35.5742
2671.23	-132.055
2673.76	106.127
2676.28	81.0078
2678.81	86.1543
2681.33	171.398
2683.85	184.252
2686.36	155.605
2688.87	219.201
2691.38	345.287
2693.89	323.119
2696.39	353.455
2698.89	439.633
2701.38	488.615
2703.87	786.643
2706.36	825.959
2708.85	1028.2
2711.33	1142.23
2713.81	1355.54
2716.29	1417.51
2718.76	1788.06
2721.23	1754.39
2723.7	1775.29
2726.16	1698.54
2728.62	1615.09
2731.08	1523.19
2733.54	1215.84
2735.99	959.619
2738.43	932.322
2740.88	745.73
2743.32	643.02
2745.76	612.457
2748.2	510.482
2750.63	573.752
2753.06	467.795
2755.48	381.92
2757.91	433.584
2760.33	326.818
2762.74	359.859
2765.16	426.801
2767.57	363.984
2769.97	204.031
2772.38	161.588
2774.78	298.598
2777.18	320.428
2779.57	193.059
2781.96	178.379
2784.35	61.918
2786.73	146.988
2789.11	209.168
2791.49	37.957
2793.87	150.869
2796.24	216.357
2798.61	276.994
2800.98	317.922
2803.34	357.943
2805.7	504.135
2808.06	536.266
2810.41	486.248
2812.76	589.682
2815.11	756.787
2817.45	823.893
2819.79	934.777
2822.13	1088.65
2824.32	1364.41
2826.83	1654.24
2829.33	2008.4
2831.84	3049.96
2834.34	4430.86
2836.84	6572.87
2839.33	9560.55
2841.82	12934.4
2844.31	15868.1
2846.8	17275.8
2849.28	16610.2
2851.76	15401.5
2854.24	13734.1
2856.71	12910
2859.18	12009
2861.65	11334.9
2864.12	11170
2866.58	11279.1
2869.04	11753.8
2871.49	12698.1
2873.95	13934.6
2876.4	16307.4
2878.85	22280.5
2881.29	27754.9
2883.73	24006.7
2886.17	17552.8
2888.6	14036.7
2891.04	12455.9
2893.47	11721.9
2895.89	11274.2
2898.32	10918.3
2900.74	10636.2
2903.16	10273.6
2905.57	9977.64
2907.98	9300.09
2910.39	9027.21
2912.8	8988.88
2915.2	8685.94
2917.6	8728.94
2919.99	8610.25
2922.39	8830.4
2924.78	8819.7
2927.17	9145.44
2929.55	9361.77
2931.93	9512.69
2934.31	9397.97
2936.69	9054.65
2939.06	8629.08
2941.43	7848.08
2943.8	7100.07
2946.16	6178.46
2948.52	5560.16
2950.88	5151.07
2953.23	4993.58
2955.58	4992.59
2957.93	4799.15
2960.28	4807.2
2962.62	4450.76
2964.96	4560.63
2967.3	4171.36
2969.63	4060.07
2971.96	3711.2
2974.29	3488.9
2976.62	3284.45
2978.94	3085.15
2981.26	2964.88
2983.57	2778.8
2985.88	2531.64
2988.19	2280.13
2990.5	2168.99
2992.8	1913.37
2995.1	1847.76
2997.4	1437.28
2999.7	1331.89
3001.99	1285.54
3004.28	1039.85
3006.56	938.072
3008.85	803.611
3011.13	633.412
3013.4	609.367
3015.68	513.367
3017.95	383.129
3020.22	322.914
3022.48	374.9
3024.74	310.906
3027	297.861
3029.26	229.949
3031.51	113.965
3033.76	137.676
3036.01	30.1074
3038.25	81.4648
3040.49	-26.9609
3042.73	-79.1836
3044.96	22.4785
3047.2	20.4922
3049.43	259.465
3051.65	237.42
3053.87	293.938
3056.09	226.016
3058.31	139.83
3060.52	371.391
3062.74	386.469
3064.94	504.227
3067.15	323.039
3069.35	249.748
3071.55	285.449
3073.74	428.039
3075.94	324.707
3078.13	191.998
3080.31	94.7676
3082.5	251.117
3084.68	122.539
3086.86	76.0879
3089.03	190.74
3091.2	70.0547
3093.37	-57.5117
3095.54	30.9824
3097.7	-96.1172
3099.86	-50.8535
3102.02	1.88672
3104.17	20.7793
3106.32	17.707
3108.47	-16.1973
3110.61	44.1797
3112.75	70
3114.89	113.061
3116.84	218.822
3119.15	151.273
3121.46	10.9316
3123.76	144.473
3126.07	212.299
3128.37	250.975
3130.66	131.945
3132.96	169.748
3135.25	106.346
3137.54	75.875
3139.83	10.9609
3142.11	-62.0547
3144.39	162.947
3146.67	59.3711
3148.95	70.8789
3149.19	312.842
