0.968200674850031
0.965623886231625
0.967469419638041
0.973640117889220
0.967776244111283
0.970298253548708
0.966489715156064
0.977374128284780
0.976964888745184
0.972833133906872
0.972963709002637
0.973180576551320
0.977318564576766
0.977404891160774
0.965661211222950
0.961601884479226
0.962352244693167
0.970320657034198
0.970067364657758
0.965196782920563
0.983067817561264
0.950976587279959
0.974918890152883
0.975222549671444
0.973470657950957
0.974471629787008
0.975858133595784
0.964960639076565
0.976964888745184
0.970110199385567
0.972963709002637
0.973180576551320
0.966402114746208
0.975738823475352
0.962338456555736
0.968894453493598
0.969681110356509
0.975222549671444
0.973470657950957
0.974471629787008
0.965151612461296
0.972578510628549