30.3255	2864
32.2261	3459.72
34.1264	4035.44
36.0262	4559.16
37.9278	4900.88
39.8269	4972.59
41.7256	5078.31
43.6239	5366.03
45.5218	5769.75
47.4193	6413.47
49.3165	7255.19
51.2111	8248.91
53.1075	9662.63
55.0035	11052.3
56.897	12706.1
58.7922	14297.8
60.687	15449.5
62.5794	16081.2
64.4735	16014.9
66.365	15832.7
68.2562	15798.4
70.1491	15756.1
72.0396	15805.8
73.9296	15879.5
75.8192	15803.3
77.7085	16123
79.5974	15908.7
81.4859	15902.4
83.374	15632.1
85.2618	15517.8
87.1491	15103.6
89.0361	15043.3
90.9206	15085
92.8068	14850.7
94.6926	14718.4
96.576	14928.2
98.4611	14835.9
100.344	14895.6
102.228	14961.3
104.11	14825
105.991	14798.8
107.874	14706.5
109.755	14582.2
111.635	14389.9
113.515	14457.6
115.395	14227.3
117.274	14207.1
119.153	13944.8
121.031	13976.5
122.909	14074.2
124.787	13953.9
126.662	13869.7
128.539	13929.4
130.415	13821.1
132.289	13896.8
134.165	13998.5
136.038	13864.3
137.913	13810
139.786	13835.7
141.658	13799.4
143.53	13923.1
145.403	13706.8
147.274	13934.6
149.145	13634.3
151.015	13634
152.885	13415.7
154.755	13533.4
156.624	13537.2
158.492	13522.9
160.359	13410.6
162.227	13470.3
164.094	13316
165.96	13297.8
167.826	13369.5
169.691	13413.2
171.557	13272.9
173.421	13296.6
175.286	13296.3
177.149	13294.1
179.011	13381.8
180.874	13251.5
182.735	13197.2
184.599	13156.9
186.46	13212.7
188.32	13010.4
190.179	12980.1
192.039	13029.8
193.898	12983.5
195.757	12943.3
197.616	12865
199.472	5080.69
201.331	5221.77
203.186	5261.86
205.043	5251.96
206.898	5275.96
208.753	5502.9
210.609	5370.07
212.463	5162.79
214.316	5230.72
216.169	5193.24
218.022	5295.54
219.874	5261.77
221.726	5267.85
223.577	5239.84
225.428	5387.34
227.279	5397.94
229.13	5450.11
230.977	5481.37
232.827	5475.15
234.676	5500.91
236.523	5564.96
238.372	5536.26
240.218	5489.61
242.064	5452.58
243.911	5515.85
245.756	5384.35
247.601	5373.29
249.445	5363.28
251.289	5357.25
253.132	5381.92
254.976	5467.84
256.818	5270.51
258.661	5333.6
260.503	5411.83
262.345	5303.47
264.184	5479.04
266.025	5461.97
267.865	5383.27
269.703	5431.57
271.541	5509.28
273.381	5568.97
275.218	5328.47
277.056	5348.4
278.893	5315.88
280.729	5441.26
282.564	5457.37
284.4	5549.09
286.234	5466.71
288.069	5534.64
289.903	5493.34
291.737	5498.14
293.568	5648.96
295.401	5559.37
297.234	5442.6
299.064	5369.62
300.896	5599.21
302.725	5525.12
304.557	5536.84
306.385	5571.34
308.214	5536.35
310.044	5435.02
311.872	5398.19
313.699	5455.57
315.526	5482.54
317.353	5477.87
319.179	5232.35
321.005	5414.3
322.83	5515.96
324.655	5564.74
326.478	5478.4
328.303	5365.1
330.127	5558.78
331.948	5607.98
333.772	5495.32
335.593	5486.52
337.413	5365.27
339.235	5566.38
341.055	5496.88
342.875	5474.21
344.694	5634.43
346.513	5454.88
348.331	5476.61
350.149	5512.98
351.967	5431.65
353.784	5583.38
355.601	5595.33
357.418	5329.67
359.232	5476.98
361.048	5492.1
362.861	5512.58
364.676	5474.56
366.489	5431.33
368.304	5375.55
370.116	5259.14
371.927	5576.74
373.739	5506
375.55	5388.37
377.362	5262.59
379.173	5447.04
380.98	5418.32
382.79	5341.54
384.599	5201
386.408	5449.06
388.216	5354.42
390.023	5376.05
391.83	5321.84
393.636	5487.76
395.443	5333.3
397.247	5362.04
399.054	5440.35
400.858	5478.48
402.661	5255.09
404.464	5357.02
406.267	5506.78
408.07	5447.02
409.872	5571.46
411.674	5521.17
413.475	5469.78
415.276	5470.94
417.077	5651.05
418.875	5497.38
420.676	5371.6
422.473	5541.24
424.272	5498.7
426.069	5553.97
427.868	5649.92
429.664	5556.87
431.46	5636.42
433.256	5685.39
435.051	5512.91
436.846	5398.96
438.64	5528.04
440.434	5461.2
442.228	5509.61
444.021	5578.45
445.815	5505.14
447.605	5551.1
449.398	5498.42
451.19	5511.13
452.979	5586.5
454.771	5488.13
456.559	5504.09
458.348	5437.69
460.136	5328.99
461.926	5441.05
463.714	5423.31
465.501	5602.29
467.288	5363.49
469.074	5453.29
470.86	5617.87
472.644	5655.6
474.429	5523.05
476.214	5542.95
477.997	5531.13
479.782	5534.28
481.564	5453.13
483.347	5563.73
485.129	5628.91
486.912	5642.28
488.692	5801.5
490.472	5737.02
492.252	5529.83
494.032	5700.84
495.811	5598.48
497.59	5753.97
499.368	5702.38
501.147	5599.68
502.922	5719.97
504.7	5622.29
506.477	5690.13
508.252	5688.34
510.028	5700.64
511.802	5611.28
513.576	5598.59
515.352	5618.6
517.125	5610.38
518.897	5731.54
520.67	5674.56
522.442	5716.83
524.213	5766.08
525.985	5614.13
527.756	5576.01
529.526	5600
531.294	5563.99
533.064	5592.18
534.834	5516.28
536.601	5612.31
538.368	5383.86
540.137	5403.69
541.903	5658.23
543.669	5446.6
545.436	5469.16
547.202	5626.44
548.966	5467.63
550.731	5340.89
552.495	5482.8
554.259	5427.4
556.02	5379.19
557.783	5516.27
559.546	5527.22
561.307	5649.36
563.069	5497.76
564.828	5431.31
566.59	5459
568.349	5418.56
570.108	5535.98
571.866	5577.53
573.626	5520.06
575.384	5743
577.141	5586.57
578.898	5433.82
580.653	5483.11
582.409	5604.1
584.165	5578.2
585.921	5607.8
587.674	5475.6
589.429	5727.8
591.182	5653.63
592.936	5618.55
594.688	5706.45
596.44	5607.08
598.193	5632.06
599.944	5637.18
601.694	5734.36
603.445	5643.51
605.195	5503.97
606.944	5829.16
608.692	5640.81
610.44	5456.88
612.189	5502.31
613.935	5641.88
615.683	5699.33
617.429	5754.04
619.176	5591.65
620.921	5642.75
622.665	5750.85
624.412	5785.51
626.156	5723.24
627.899	5884.19
629.642	5613.25
631.385	5638.4
633.128	5639.4
634.868	5689.55
636.61	5526.99
638.351	5864.38
640.091	5857.79
641.831	5687.48
643.57	5760.94
645.31	5709.9
647.048	5653.06
648.786	5694.4
650.525	5621.33
652.262	5793.04
653.998	5823.54
655.734	5833.47
657.47	5797.25
659.204	5768.2
660.939	5808.59
662.674	5569.65
664.408	5565.85
666.141	5747.22
667.875	5775.56
669.606	5896.81
671.337	5895.84
673.07	5758.69
674.801	5682.69
676.531	5863.91
678.261	5824.85
679.99	5782.49
681.72	5760.77
683.448	5626.06
685.177	5851.16
686.905	5757.73
688.631	5858.9
690.359	5824.76
692.084	5780.06
693.811	5948.03
695.536	5967.43
697.262	5961.07
698.986	5981.09
700.709	5718.17
702.433	5838.31
704.156	5792.2
705.878	5826.99
707.6	5790.77
709.322	5690.93
711.044	6033.37
712.763	5877.08
714.484	5901.91
716.205	5970.44
717.923	5982.95
719.641	5814.32
721.361	5911.73
723.078	5947.73
724.795	5914.01
726.512	5833.23
728.23	6014.85
729.947	6058.63
731.66	5860.79
733.376	5862.68
735.091	5717
736.805	5878.87
738.518	5947.46
740.232	5928.46
741.944	5945.67
743.657	5940.87
745.368	6058.44
747.081	6106.59
748.792	6015.44
750.502	6089.67
752.212	6070.82
753.921	6104.92
755.63	5880.78
757.339	6057.18
759.048	5892.3
760.754	5849.63
762.462	6027.34
764.167	5695.28
765.875	5839.07
767.58	5842.22
769.286	5852.65
770.99	5880.14
772.694	5824.3
774.398	5805.82
776.101	5849.12
777.804	5807.54
779.507	5713.1
781.209	5714.64
782.911	5705.78
784.613	5793.11
786.313	5767.9
788.014	5719.83
789.712	5748.08
791.413	5866.62
793.111	5595.63
794.809	5720.94
796.508	5792.37
798.206	5775.36
799.902	5873.21
801.599	5798.58
803.295	5830.19
804.991	5785.87
806.685	5755.53
808.38	5902.04
810.075	5755.56
811.767	5862.52
813.462	5903.75
815.154	5761.33
816.845	6347.97
818.539	6091.16
820.23	5885.47
821.92	5826
823.611	5870.58
825.301	5674.17
826.991	5850.36
828.68	5990.78
830.367	5764.33
832.056	5826.48
833.745	5774.93
835.431	5820.33
837.117	5687.36
838.804	5898
840.49	5742.92
842.175	5844.13
843.861	5765.07
845.546	5929.84
847.23	5770.72
848.913	5913.64
850.595	5799.98
852.278	5888.39
853.96	5750.26
855.641	5777.96
857.323	5716.7
859.003	5730.3
860.684	5651.24
862.364	5610.63
864.042	5664.77
865.723	5600.66
867.401	5603.76
869.079	5662.94
870.757	5568.21
872.434	5730.18
874.109	5657.81
875.786	5700.45
877.462	5780.99
879.136	5793.95
880.812	5598.4
882.486	5581.25
884.161	5733.3
885.833	5656.82
887.506	5686.7
889.178	5689.83
890.85	5719.34
892.522	5572
894.193	5566.01
895.864	5699.41
897.535	5631.02
899.203	5687.95
900.873	5661.64
902.543	5545.16
904.21	5541.68
905.878	5723.2
907.546	5632.84
909.213	5687.11
910.879	5578.7
912.545	5692.91
914.211	5586.91
915.876	5406.49
917.541	5539.94
919.206	5571.05
920.868	5404.21
922.532	5544.55
924.194	5574.06
925.857	5454.89
927.518	5514.36
929.179	5400.99
930.842	5401
932.502	5392.26
934.162	5472.2
935.822	5511.58
937.481	5406.39
939.14	5356.14
940.797	5359.73
942.455	5410.97
944.113	5282.94
945.769	5432.2
947.426	5279.79
949.082	5317.15
950.737	5421.07
952.393	5395.83
954.047	5343.75
955.701	5365.91
957.355	5289.4
959.008	5333.03
960.66	5258.51
962.312	5319.3
963.965	5255.61
965.615	5317.77
967.267	5464.29
968.917	5396.46
970.568	5374.02
972.217	5361.17
973.865	5315.44
975.514	5385.69
977.162	5288.71
978.81	5338.6
980.457	5275.42
982.104	5213.69
983.751	5372.67
985.398	5362.69
987.042	5128.56
988.688	5226.69
990.332	5246.97
991.975	5244.54
993.62	5254.64
995.263	5401.27
996.905	5340.81
998.548	5377.82
1000.19	5365.07
1001.83	5389.61
1003.47	5496.69
1005.11	5390.82
1006.75	5505.5
1008.39	5304.73
1010.03	5311.07
1011.67	5287.48
1013.31	5228.58
1014.95	5133.17
1016.58	5182.98
1018.22	5184.05
1019.86	5153.81
1021.49	5178.15
1023.13	5054.76
1024.76	5113.54
1026.4	5084.02
1028.03	5247.26
1029.66	5296.8
1031.3	5102.04
1032.93	5019.35
1034.56	5090.61
1036.19	5059.89
1037.83	4841.87
1039.46	5190.73
1041.09	5013.68
1042.72	4882.75
1044.35	4943.98
1045.97	5054.91
1047.6	4975.91
1049.23	4897.17
1050.86	5031.71
1052.49	4954.9
1054.11	4846.24
1055.74	4797.47
1057.37	4995.34
1058.99	4872.32
1060.62	4894.98
1062.24	5087.39
1063.86	4951.88
1065.49	4916.56
1067.11	4838.48
1068.73	4815.67
1070.36	4743.11
1071.98	4777.94
1073.6	4822.97
1075.22	4655.6
1076.84	4833.56
1078.46	4886.21
1080.08	4803.09
1081.7	4814.64
1083.32	4722.92
1084.94	4745.82
1086.55	4715.97
1088.17	4758.3
1089.79	4727.14
1091.4	4806.43
1093.02	4631.33
1094.64	4828.1
1096.25	4735.26
1097.86	4817.99
1099.48	4786.62
1101.09	4695.37
1102.71	4820.29
1104.32	4886.01
1105.93	4886.97
1107.54	4714.99
1109.16	4661.25
1110.77	4790.81
1112.38	4838.31
1113.99	4954.06
1115.6	4827.79
1117.2	4814.07
1118.81	4851.02
1120.42	4799.46
1122.03	4966.16
1123.64	4993.91
1125.24	5007.91
1126.85	4944.04
1128.46	4923.52
1130.06	4919.46
1131.67	4905.35
1133.27	4851.01
1134.88	4826.28
1136.48	4863.4
1138.08	4900.69
1139.69	4810.32
1141.29	4778.33
1142.89	4874.77
1144.49	4844.04
1146.09	4928.33
1147.69	4804.82
1149.29	4931.23
1150.89	4776.65
1152.49	4935.5
1154.09	4870.63
1155.69	5016.35
1157.29	4835.02
1158.89	4777.21
1160.48	4747.04
1162.08	4758.41
1163.68	4808.91
1165.27	4775.95
1166.87	4751.5
1168.46	4877.82
1170.06	4926.77
1171.65	5087.54
1173.24	4862.07
1174.84	4813.89
1176.43	4881.15
1178.02	4993.9
1179.61	4889.6
1181.2	4737.99
1182.79	4839.22
1184.39	4836.74
1185.97	4873.44
1187.56	4781.47
1189.15	4813.76
1190.74	4873.36
1192.33	4935.76
1193.92	4806.4
1195.5	4846.8
1197.09	4911.16
1198.68	5083.1
1200.26	4939.8
1201.85	4860.16
1203.43	4985.54
1205.02	5084.71
1206.6	4974.16
1208.19	4996.78
1209.77	4936.88
1211.35	5013.23
1212.93	4978.52
1214.52	4902.8
1216.1	4770.82
1217.68	4882.82
1219.26	4842.19
1220.84	4975.29
1222.42	4901.79
1224	4959.46
1225.58	4921.59
1227.15	4808.73
1228.73	4956.54
1230.31	5024.8
1231.88	4901.67
1233.46	4938.39
1235.04	4870.42
1236.61	4901.85
1238.19	4858.27
1239.76	4921.34
1241.34	4950.8
1242.91	4995.33
1244.48	5007.64
1246.06	4853.73
1247.63	4873.41
1249.2	4803.08
1250.77	4637.13
1252.34	4920.93
1253.92	4934.36
1255.49	4814.83
1257.05	4920.43
1258.63	4831.04
1260.19	4950.47
1261.76	4928.6
1263.33	4898.14
1264.9	4919.91
1266.46	4913.36
1268.03	4906.21
1269.6	4748.81
1271.16	4900.16
1272.73	4819.73
1274.29	4842.38
1275.86	5007.78
1277.42	4864.7
1278.98	4835.75
1280.55	4908.13
1282.11	4757.54
1283.67	4988.02
1285.24	4920.02
1286.8	4936.55
1288.36	4797.73
1289.92	4818.27
1291.48	4899.44
1293.04	4773.92
1294.6	4833.41
1296.16	4961.29
1297.71	4984.1
1299.27	4960.08
1300.83	4912.4
1302.39	4953.53
1303.94	4951.03
1305.5	4953.71
1307.05	4880.79
1308.61	4862.6
1310.16	4981.74
1311.72	5072.25
1313.27	4883.25
1314.83	4851.74
1316.38	4917.4
1317.93	4862.15
1319.48	4934.15
1321.03	4838.98
1322.58	4818.95
1324.14	4788.88
1325.69	4926.58
1327.24	4779.23
1328.78	4736.03
1330.33	4766.91
1331.88	4677.12
1333.43	4832.84
1334.98	4705.15
1336.53	4718.12
1338.07	4711.89
1339.62	4770.43
1341.16	4676.27
1342.71	4706.04
1344.25	4825.63
1345.8	4564.98
1347.34	4684.05
1348.89	4658.32
1350.43	4621.95
1351.97	4705.48
1353.52	4501.12
1355.06	4410.44
1356.6	4545.67
1358.14	4610.75
1359.68	4661.43
1361.22	4583.75
1362.76	4601.23
1364.3	4558.77
1365.84	4535.55
1367.38	4481.03
1368.91	4519.2
1370.45	4597.55
1371.99	4484.85
1373.53	4560.66
1375.06	4504.01
1376.6	4472.38
1378.13	4442.08
1379.67	4639.62
1381.2	4618.22
1382.74	4492.36
1384.27	4520.2
1385.8	4452.78
1387.34	4527.9
1388.87	4547.46
1390.4	4555.12
1391.93	4513.49
1393.46	4582.31
1394.99	4527.45
1396.52	4655.32
1398.05	4725.1
1399.58	4569.85
1401.11	4720.44
1402.64	4651.38
1404.17	4646.75
1405.69	4691.35
1407.22	4499.89
1408.75	4725.48
1410.27	4621.38
1411.8	4608.87
1413.32	4623.48
1414.85	4708.16
1416.37	4631.72
1417.9	4669.64
1419.42	5229.6
1420.94	4836.99
1422.47	4744.48
1423.99	4613.36
1425.51	4499.29
1427.03	4654.62
1428.55	4579.72
1430.07	4511.29
1431.59	4600.34
1433.11	4742.09
1434.63	4763.54
1436.15	4771.62
1437.67	4737.79
1439.19	4791.62
1440.7	4769.28
1442.22	4651.23
1443.74	4818.75
1445.25	4847.19
1446.77	4748
1448.28	4789.02
1449.8	4691.51
1451.31	4754.6
1452.83	4668.96
1454.34	4526.66
1455.85	4434.8
1457.37	4715.14
1458.88	4583.56
1460.39	4689.87
1461.9	4540.33
1463.41	4655.15
1464.92	4708.12
1466.43	4615.96
1467.94	4521.29
1469.45	4480.69
1470.96	4529.48
1472.47	4553.31
1473.98	4563
1475.48	4548.21
1476.99	4528.33
1478.5	4394.08
1480	4492.33
1481.51	4426.82
1483.01	4350.51
1484.52	4429.14
1486.02	4366.35
1487.53	4439.9
1489.03	4565.57
1490.53	4430.94
1492.03	4500.48
1493.54	4495.78
1495.04	4482.84
1496.54	4552.36
1498.04	4548.41
1499.54	4539.46
1501.04	4446.89
1502.54	4464.35
1504.04	4428.84
1505.54	4534.85
1507.04	4490.71
1508.53	4525.98
1510.03	4439.74
1511.53	4554.36
1513.03	4447.65
1514.52	4512.18
1516.02	4555.89
1517.51	4476.09
1519.01	4513.21
1520.5	4557.84
1522	4554.22
1523.49	4539.57
1524.98	4590.96
1526.47	4551.53
1527.97	4532.43
1529.46	4524.67
1530.95	4551.21
1532.44	4517.44
1533.93	4437.78
1535.42	4614.97
1536.91	4499.98
1538.4	4518.63
1539.89	4440.6
1541.38	4617.51
1542.86	4555.04
1544.35	4548.23
1545.84	4481.62
1547.33	4564.39
1548.81	4481.67
1550.3	4473.98
1551.78	4683.53
1553.27	4424.71
1554.75	4523.16
1556.24	4568.43
1557.72	4527.9
1559.2	4429.83
1560.68	4399.64
1562.17	4373.28
1563.65	4510.62
1565.13	4549.37
1566.61	4433.73
1568.09	4436.72
1569.57	4440.06
1571.05	4603.33
1572.53	4445.46
1574.01	4438.92
1575.49	4437.7
1576.97	4493.9
1578.44	4550.3
1579.92	4441.89
1581.4	4466.62
1582.87	4531.2
1584.35	4527.29
1585.82	4465.32
1587.3	4538.61
1588.77	4385.57
1590.25	4438.2
1591.72	4429.31
1593.2	4426.25
1594.67	4452.67
1596.14	4390.87
1597.61	4492.04
1599.08	4744.35
1600.55	4434.49
1602.03	4287.09
1603.5	4299.12
1604.97	4417.29
1606.43	4422.73
1607.9	4415.28
1609.37	4371.89
1610.84	4388.06
1612.31	4416.62
1613.77	4366.37
1615.24	4356.72
1616.71	4324.23
1618.17	4344.25
1619.64	4323.01
1621.1	4361.1
1622.57	4371.63
1624.03	4375.92
1625.5	4331.2
1626.96	4353.67
1628.42	4362.29
1629.89	4371.29
1631.35	4373.28
1632.81	4403.07
1634.27	4343.2
1635.73	4378.05
1637.19	4455.42
1638.65	4386.29
1640.11	4478.53
1641.57	4467.23
1643.03	4392.61
1644.49	4400.21
1645.95	4447.97
1647.4	4445.7
1648.86	4462.35
1650.32	4430.05
1651.77	4548.76
1653.23	4554.47
1654.68	4422.22
1656.14	4463.11
1657.59	4423.75
1659.05	4496.33
1660.5	4457.7
1661.95	4483.7
1663.41	4440.77
1664.86	4385.54
1666.31	4483.05
1667.76	4448.08
1669.21	4451.39
1670.66	4376.13
1672.11	4341.15
1673.56	4340.97
1675.01	4249.48
1676.46	4318.14
1677.91	4224.52
1679.36	4243.57
1680.81	4230.13
1682.25	4193.76
1683.7	4146.54
1685.15	4159.73
1686.59	4146.36
1688.04	4195.87
1689.48	4143.39
1690.93	4190.13
1692.37	4148.47
1693.81	4126.02
1695.26	4123.69
1696.7	4074.41
1698.14	4010.08
1699.58	4016.52
1701.03	4061.58
1702.47	4068.59
1703.41	4083.75
1704.91	4074.85
1706.4	3996.31
1707.9	3948.61
1709.4	3971.34
1710.9	4041.34
1712.39	4157.39
1713.89	3991.67
1715.39	4050.74
1716.88	3942.79
1718.38	3952.15
1719.87	4025.55
1721.37	4172.13
1722.86	4137.32
1724.35	3981.05
1725.85	4099.21
1727.34	4008.04
1728.83	4045.4
1730.32	4028.78
1731.82	4114.99
1733.31	4040.68
1734.8	3997.54
1736.29	4006.95
1737.78	4047.21
1739.27	3994.13
1740.76	3981.41
1742.25	4058.39
1743.74	4028.14
1745.23	4127.06
1746.71	4054.21
1748.2	4098.05
1749.69	4004.52
1751.18	4041.58
1752.66	4031.23
1754.15	4012.9
1755.63	4013.82
1757.12	4085.8
1758.61	4028.02
1760.09	4124.26
1761.57	4017.25
1763.06	3996.67
1764.54	4060.34
1766.03	4114.15
1767.51	4115.95
1768.99	4083.24
1770.47	4015.18
1771.96	4061.6
1773.44	4009.42
1774.92	4024.3
1776.4	4021.35
1777.88	4027.92
1779.36	4011.88
1780.84	4078.85
1782.32	4045.76
1783.79	4110.1
1785.27	4004.48
1786.75	3983.49
1788.23	3947.01
1789.71	4023.11
1791.18	3978.48
1792.66	3961.47
1794.14	3997.35
1795.61	3917.91
1797.09	3981.92
1798.56	3912.58
1800.04	3981.38
1801.51	3863.66
1802.99	3959.07
1804.46	3823.3
1805.93	3875.34
1807.4	3911.73
1808.88	3960.76
1810.35	3881.28
1811.82	3900.53
1813.29	3897.35
1814.76	4064.62
1816.23	3964.99
1817.7	3993.44
1819.17	3876.37
1820.64	3852.11
1822.11	3880.73
1823.58	3814.77
1825.05	3991.71
1826.52	3970.57
1827.98	3995.89
1829.45	3865.62
1830.92	3919.05
1832.38	3936
1833.85	3927.09
1835.32	4080.5
1836.78	3849.52
1838.25	4009.07
1839.71	3935.52
1841.18	3981.39
1842.64	3972.92
1844.1	3979.08
1845.57	3888.81
1847.03	3896.96
1848.49	3880.73
1849.95	3944.95
1851.42	3967.26
1852.88	3975.1
1854.34	4006.74
1855.8	4016.92
1857.26	4011.91
1858.72	3922.31
1860.18	4015.18
1861.64	4031.99
1863.1	4041.19
1864.55	3970.6
1866.01	3982.36
1867.47	3996.97
1868.93	4059.6
1870.38	4046.94
1871.84	4040.67
1873.3	3998.36
1874.75	3898.86
1876.21	4044.51
1877.66	3973.41
1879.12	3994.2
1880.57	3912.5
1882.02	3931.42
1883.48	4033.23
1884.93	4035.8
1886.38	3964.47
1887.84	3995.81
1889.29	3993.07
1890.74	3900.16
1892.19	3899.45
1893.64	4086.35
1895.09	3925.89
1896.54	3955.56
1897.99	3827.13
1899.44	3924.74
1900.89	4038.68
1902.34	3861.11
1903.79	3889.47
1905.24	3982.85
1906.68	3896.34
1908.13	4037.72
1909.58	4014.63
1911.02	3960.59
1912.47	3990.87
1913.91	3989.32
1915.36	3984.7
1916.8	3846.55
1918.25	3871.15
1919.69	3897.4
1921.14	3836.83
1922.58	3801.53
1924.02	3928.15
1925.47	3981.86
1926.91	3920.25
1928.35	3750.32
1929.79	3889.1
1931.23	3870.1
1932.67	3870.77
1934.12	3741.59
1935.56	3831.81
1937	3894.61
1938.44	3885.97
1939.87	3936.84
1941.31	3891.39
1942.75	3926.22
1944.19	3855.19
1945.63	3896.14
1947.06	3860.41
1948.5	3866.62
1949.94	3803.42
1951.37	3875.27
1952.81	3932.06
1954.24	3927.33
1955.68	3931.58
1957.11	4039.37
1958.55	3928.56
1959.98	3963.05
1961.42	3971.41
1962.85	3845.97
1964.28	4048.78
1965.71	3945.63
1967.15	4061.58
1968.58	3971.66
1970.01	4055.78
1971.44	3964.82
1972.87	4023.71
1974.3	3967.19
1975.73	4030.98
1977.16	4019.73
1978.59	4035.95
1980.02	3909.28
1981.45	4026.59
1982.87	3991.25
1984.3	4106.11
1985.73	4025.01
1987.16	3994.69
1988.58	4121.94
1990.01	3914.12
1991.43	3950.34
1992.86	3990.17
1994.28	4036.34
1995.71	4036.24
1997.13	4013.66
1998.56	3976.58
1999.98	3959.76
2001.41	4044.64
2002.83	3905.85
2004.25	3937.04
2005.67	4088.89
2007.09	4056.06
2008.51	4056.44
2009.94	3940.46
2011.36	4031.05
2012.78	3949.07
2014.2	3944.22
2015.62	3915.58
2017.04	3793.5
2018.45	3969.19
2019.87	3930.82
2021.29	3858.95
2022.71	3946.27
2024.13	3913.71
2025.54	3900.55
2026.96	3925.32
2028.38	3946.88
2029.79	3805.98
2031.21	3939.63
2032.62	3846.04
2034.04	3783.37
2035.45	3839.3
2036.86	3834.18
2038.28	3774.2
2039.69	3767.2
2041.1	3766.82
2042.52	3780.65
2043.93	3711.55
2045.34	3681.8
2046.75	3760.71
2048.16	3890.68
2049.58	3721.91
2050.98	3737.27
2052.4	3758.23
2053.81	3828.17
2055.21	3824.89
2056.62	3757.92
2058.03	3763.91
2059.44	3732.26
2060.85	3790.67
2062.25	3663.82
2063.66	3854.66
2065.07	3701.76
2066.47	3903.84
2067.88	3780.19
2069.29	3800.53
2070.69	3899.12
2072.1	3859.03
2073.5	3844.32
2074.91	3868.63
2076.31	3761.29
2077.71	3718.87
2079.12	3774.01
2080.52	3764.67
2081.92	3902.6
2083.32	3809.5
2084.73	3822.34
2086.12	3714.55
2087.53	3874.95
2088.93	3943.15
2090.33	3849.61
2091.73	3843.92
2093.13	3883.25
2094.53	3862.55
2095.92	3882.19
2097.32	3900.47
2098.72	3871.6
2100.12	3975.74
2101.51	3880.38
2102.91	3864.2
2104.31	3958.05
2105.7	3878.17
2107.1	3851.18
2108.5	3933
2109.89	3894.66
2111.29	3885.02
2112.68	4059.72
2114.07	3952.9
2115.47	3942.63
2116.86	3937.85
2118.25	3970.61
2119.64	3844.54
2121.04	3923.08
2122.43	3960.89
2123.82	3933.61
2125.21	4000.5
2126.6	3920.35
2127.99	3953.27
2129.38	3888.64
2130.77	3844.25
2132.16	3942.8
2133.55	3877.01
2134.94	3836.1
2136.33	3987.16
2137.71	3975.73
2139.1	3904.71
2140.49	4000.77
2141.87	3898.79
2143.26	3864.97
2144.65	3841.3
2146.03	3818.24
2147.42	3864.63
2148.8	3830.28
2150.19	3731.58
2151.57	3871.35
2152.96	3800.68
2154.34	3863.62
2155.72	3772.55
2157.1	3781.33
2158.49	3802.7
2159.87	3772.07
2161.25	3784.37
2162.63	3750.15
2164.01	3772.46
2165.39	3811.4
2166.77	3804.19
2168.15	3842.12
2169.53	3738.21
2170.91	3760.03
2172.29	3844.23
2173.67	3739.17
2175.04	3710.97
2176.42	3759.84
2177.8	3726.05
2179.18	3788.75
2180.55	3759.05
2181.93	3780.8
2183.3	3747.15
2184.68	3718.47
2186.06	3773.24
2187.43	3774
2188.8	3745.29
2190.18	3746.68
2191.55	3756.8
2192.92	3770.73
2194.3	3744.6
2195.67	3665.97
2197.04	3838.58
2198.41	3770.55
2199.79	3725.51
2201.16	3720.52
2202.53	3767.45
2203.9	3880.28
2205.27	3720.02
2206.64	3773.15
2208.01	3768.44
2209.37	3789.14
2210.74	3782.71
2212.11	3869.62
2213.48	3830.72
2214.85	3835.24
2216.21	3780.93
2217.58	3842.06
2218.95	3704.5
2220.31	3773.67
2221.68	3866.48
2223.04	3818.89
2224.41	3867.28
2225.77	3814.01
2227.14	3826.61
2228.5	3691.17
2229.86	3836.19
2231.23	3842.39
2232.59	3832.36
2233.95	3833.45
2235.31	3830.98
2236.68	3934.32
2238.04	3843.96
2239.4	3910.07
2240.76	3875.09
2242.12	3865.82
2243.48	3952.67
2244.84	3969.03
2246.2	3914.29
2247.56	3934.33
2248.92	3879.77
2250.27	3846.7
2251.63	3948.63
2252.99	3859.01
2254.34	3845.57
2255.7	3859.97
2257.06	3878.75
2258.41	3991.94
2259.77	3915.13
2261.12	3832.49
2262.48	3810.18
2263.83	3888.71
2265.19	3876.27
2266.54	3860.16
2267.89	3851.61
2269.25	3866.93
2270.6	3922.67
2271.95	3847.09
2273.3	3859.09
2274.66	3949.02
2276.01	3825.06
2277.36	3872.87
2278.71	3815.35
2280.06	3851.33
2281.41	3818.89
2282.76	3833.72
2284.1	3794.71
2285.45	3678.61
2286.8	3776.69
2288.15	3849.66
2289.5	3844.61
2290.84	3793.99
2292.19	3754.09
2293.54	3853.03
2294.88	3885.17
2296.23	3819.76
2297.57	3870.38
2298.92	3865.75
2300.27	3825.7
2301.61	3884.5
2302.95	3842.08
2304.3	3825.33
2305.64	3801.45
2306.98	3797.25
2308.33	3838.69
2309.67	3807.8
2311.01	3680.35
2312.35	3734.2
2313.69	3679.8
2315.03	3808.65
2316.37	3821.8
2317.71	3828.02
2319.05	3767.85
2320.39	3820.05
2321.73	3742.2
2323.07	3738.92
2324.41	3787.2
2325.75	3717.47
2327.08	3845.45
2328.42	3756.8
2329.76	3734.03
2331.09	3672.01
2332.43	3731.52
2333.77	3736.07
2335.1	3738.62
2336.44	3682.08
2337.77	3751.61
2339.1	3689.68
2340.44	3750.53
2341.77	3684.53
2343.11	3776.63
2344.44	3718.17
2345.77	3727.11
2347.1	3698.79
2348.43	3757.28
2349.77	3718.33
2351.1	3741.85
2352.43	3722.36
2353.76	3767.9
2355.09	3627.9
2356.42	3684.18
2357.75	3639.79
2359.08	3763.64
2360.4	3656.8
2361.73	3658.87
2363.06	3659.34
2364.39	3682.85
2365.72	3585.01
2367.04	3664.03
2368.37	3691.22
2369.69	3701.11
2371.02	3778.08
2372.35	3687.26
2373.67	3633.44
2375	3647.15
2376.32	3666.93
2377.64	3653.54
2378.97	3690.58
2380.29	3572.51
2381.61	3614.85
2382.93	3708.36
2384.26	3677.66
2385.58	3703.86
2386.9	3595.52
2388.22	3590.72
2389.54	3687.7
2390.86	3599.51
2392.18	3675.16
2393.5	3606.85
2394.82	3648.41
2396.14	3601.2
2397.46	3611.92
2398.78	3708.32
2400.09	3709.77
2401.41	3628.95
2402.73	3533.42
2404.05	3603.84
2405.36	3619.15
2406.68	3647.66
2407.99	3556.98
2409.31	3681.27
2410.62	3716.13
2411.94	3564.93
2413.25	3684.82
2414.57	3558.11
2415.88	3545.19
2417.2	3685.86
2418.51	3725.1
2419.82	3631.8
2421.13	3726.46
2422.44	3663.53
2423.75	3596.62
2425.07	3688.82
2426.38	3649.78
2427.69	3635.58
2429	3668.26
2430.31	3735.21
2431.62	3646.76
2432.93	3794.41
2434.23	3651.34
2435.54	3809.82
2436.85	3700.56
2438.16	3723.48
2439.47	3654.68
2440.77	3658.1
2442.08	3633.24
2443.38	3646.16
2444.69	3779.76
2446	3703.46
2447.3	3641.07
2448.61	3693.01
2449.91	3662.43
2451.21	3741.31
2452.52	3780.48
2453.82	3809.7
2455.12	3693.85
2456.43	3659.85
2457.73	3670.6
2459.03	3656.07
2460.33	3788.28
2461.63	3686.17
2462.93	3682.39
2464.23	3785.44
2465.53	3781.85
2466.83	3783.27
2468.13	3726.68
2469.43	3662.17
2470.73	3830.34
2472.03	3663.66
2473.33	3709.55
2474.62	3633.89
2475.92	3794.33
2477.22	3777.16
2478.51	3834.82
2479.81	3664.97
2481.11	3710.36
2482.4	3741.23
2483.7	3674.26
2484.99	3805
2486.29	3723.72
2487.58	3642.09
2488.87	3768.93
2490.17	3581.7
2491.46	3726.5
2492.75	3634.99
2494.05	3780.67
2495.34	3664.59
2496.63	3625.67
2497.92	3638.64
2499.21	3726.12
2500.5	3643.22
2501.79	3645.57
2503.08	3729.85
2504.37	3783.08
2505.66	3692.25
2506.95	3790.89
2508.24	3595.93
2509.52	3742.02
2510.81	3660.44
2512.1	3721.89
2513.39	3623.2
2514.67	3580.61
2515.96	3530.81
2517.25	3717.21
2518.53	3666.74
2519.82	3691.33
2521.1	3631.34
2522.39	3629.45
2523.67	3723.07
2524.95	3711.12
2526.24	3678.71
2527.52	3672.94
2528.8	3686.4
2530.09	3593.54
2531.37	3653.04
2532.65	3648.41
2533.93	3581.49
2535.21	3622.9
2536.49	3710.49
2537.77	3667.73
2539.05	3657.79
2540.33	3584.53
2541.61	3559.32
2542.89	3649.6
2544.17	3576.33
2545.45	3715.51
2546.72	3627.75
2548	3702.62
2549.28	3692.16
2550.56	3573.6
2551.83	3623.45
2553.11	3595.12
2554.38	3580.08
2555.66	3602.93
2556.93	3652.85
2558.21	3573.71
2559.48	3619.77
2560.76	3609.19
2562.03	3748.12
2563.3	3713.04
2564.58	3671.5
2565.85	3661.69
2567.12	3654.01
2568.39	3626.08
2569.66	3591.51
2570.94	3594.43
2572.21	3636.7
2573.48	3722.92
2574.75	3712.09
2576.02	3649.46
2577.29	3659.6
2578.56	3685.37
2579.82	3743.61
2581.09	3666.05
2582.36	3632.79
2583.63	3703.31
2584.9	3730.5
2586.16	3607.05
2587.43	3664.61
2588.7	3567.23
2589.96	3715.44
2591.23	3669.04
2592.49	3811.68
2593.76	3734.69
2595.02	3705.26
2596.28	3821.47
2597.55	3672.91
2598.81	3674.19
2600.08	3815.07
2601.34	3830.04
2602.6	3742.86
2603.86	3718.02
2605.12	3742.31
2606.38	3744.14
2607.65	3641.73
2608.91	3708.31
2610.17	3730.48
2611.43	3685.6
2612.69	3722.85
2613.95	3710.2
2615.2	3733.2
2616.46	3704.41
2617.72	3729.56
2618.98	3692.16
2620.24	3718.46
2621.49	3692.51
2622.75	3758.21
2624.01	3754.19
2625.26	3737.5
2626.52	3807.21
2627.77	3544.42
2629.03	3767.72
2630.28	3711.73
2631.54	3633.6
2632.79	3713.02
2634.05	3814.58
2635.3	3779.82
2636.55	3826.4
2637.8	3575.81
2639.06	3691.26
2640.31	3585.32
2641.56	3604.17
2642.81	3632.22
2644.06	3766.94
2645.31	3644.52
2646.56	3695.87
2647.81	3654.99
2649.06	3685.96
2650.31	3831.02
2651.56	3676.97
2652.81	3696.15
2654.06	3750.98
2655.3	3783.08
2656.55	3704.97
2657.8	3695.42
2659.05	3743.06
2660.29	3592.59
2661.54	3720.78
2662.78	3614.53
2664.03	3704.47
2665.27	3695.07
2666.52	3703.11
2667.76	3719.83
2669.01	3627.13
2670.25	3731.75
2671.49	3623.95
2672.74	3685.78
2673.98	3648.61
2675.22	3647.73
2676.46	3827.53
2677.7	3630.6
2678.94	3607.12
2680.18	3607.6
2681.43	3648.71
2682.67	3716.39
2683.91	3640.19
2685.15	3788.86
2686.38	3770.83
2687.62	3721.46
2688.86	3648.96
2690.1	3676.28
2691.34	3802.66
2692.57	3645.07
2693.81	3622.53
2695.05	3714.63
2696.28	3705.71
2697.52	3762.92
2698.75	3793.89
2699.99	3741
2701.22	3701.17
2702.46	3759.5
2703.69	3862.45
2704.93	3767.15
2706.16	3783.2
2707.39	3735.24
2708.63	3788.84
2709.86	3882.48
2711.09	3796.97
2712.32	3771.3
2713.55	3778.17
2714.78	3776.21
2716.02	3749.56
2717.25	3734.28
2718.48	3784.59
2719.71	3760.31
2720.94	3745.61
2722.16	3806.19
2723.39	3790
2724.62	3719.77
2725.85	3808.57
2727.08	3894.84
2728.3	3798
2729.53	3758.41
2730.76	3773.3
2731.98	3746.01
2733.21	3753.86
2734.43	3793.75
2735.66	3762.72
2736.88	3721.33
2738.11	3857.44
2739.33	3708.29
2740.56	3881.62
2741.78	3724.04
2743	3783.5
2744.23	3804.82
2745.45	3728.46
2746.67	3792.87
2747.89	3748.48
2749.11	3846.23
2750.33	3750.23
2751.55	3694.27
2752.78	3642.62
2754	3756.34
2755.21	3625.14
2756.43	3782.08
2757.65	3774.87
2758.87	3696.49
2760.09	3844.06
2761.31	3702.37
2762.52	3753.77
2763.74	3742.22
2764.96	3686.15
2766.18	3583.72
2767.39	3772.15
2768.61	3820.26
2769.82	3685.75
2771.04	3654.71
2772.25	3640.76
2773.47	3745.8
2774.68	3781.78
2775.9	3738.49
2777.11	3813.23
2778.32	3739.57
2779.53	3615.2
2780.75	3770.48
2781.96	3759.97
2783.17	3584.27
2784.38	3710.5
2785.59	3693.97
2786.8	3718.76
2788.01	3655.66
2789.22	3665.78
2790.43	3790.38
2791.64	3655.62
2792.85	3668.46
2794.06	3736.07
2795.27	3795.72
2796.48	3646.24
2797.68	3635.12
2798.89	3652.12
2800.1	3655.32
2801.3	3739.64
2802.51	3654.54
2803.72	3676.24
2804.92	3687.77
2806.13	3717.4
2807.33	3676.45
2808.54	3670.52
2809.74	3675.11
2810.94	3742.9
2812.15	3753.39
2813.35	3702.59
2814.55	3729.94
2815.76	3770.56
2816.96	3662.5
2818.16	3711.15
2819.36	3814.2
2820.56	3802.52
2821.76	3757.79
2822.96	3769.62
2824.16	3841.85
2825.36	3802.24
2826.56	3791.27
2827.76	3777.36
2828.96	3832.43
2830.16	3891.8
2831.36	3855.53
2832.55	3970.62
2833.75	3990.12
2834.95	3930.94
2836.15	4030.92
2837.34	4026.01
2838.54	4116.34
2839.73	4159.08
2840.93	4224.64
2842.12	4260.97
2843.32	4374.92
2844.51	4444.91
2845.71	4403.91
2846.9	4421.68
2848.09	4425.18
2849.29	4442.25
2850.48	4468.01
2851.67	4446.03
2852.86	4415.59
2854.05	4442.1
2855.24	4449.99
2856.43	4429.31
2857.62	4486.07
2858.82	4578
2860	4470.43
2861.19	4618.37
2862.38	4577.05
2863.57	4583.76
2864.76	4684.37
2865.95	4736.09
2867.14	4810.94
2868.32	4776.41
2869.51	4792.33
2870.7	4871.99
2871.88	4785.95
2873.07	4840.18
2874.26	4773.71
2875.44	4763.98
2876.63	4772.75
2877.81	4871.02
2878.99	4845
2880.18	4885.86
2881.36	4846.35
2882.55	4812.52
2883.73	4733.58
2884.91	4798.28
2886.09	4831.35
2887.28	4842.65
2888.46	4741.84
2889.64	4789.87
2890.82	4772.15
2892	4800.58
2893.18	4743.84
2894.36	4746.38
2895.54	4817.44
2896.72	4786.06
2897.9	4873.01
2899.08	4887.16
2900.25	4788.08
2901.43	4770.18
2902.61	4810.22
2903.79	4861.08
2904.96	4943.07
2906.14	4854.54
2907.33	4965.23
2908.56	4883.35
2909.8	4832.66
2911.03	4962.03
2912.26	4988.03
2913.5	4978.86
2914.73	5092.58
2915.96	5029.47
2917.19	5082.63
2918.42	5160.22
2919.65	5098.17
2920.88	5304.39
2922.11	5231.62
2923.34	5343.94
2924.57	5248.91
2925.8	5390.5
2927.03	5393.67
2928.26	5432.53
2929.48	5358.58
2930.71	5323.42
2931.94	5484.82
2933.17	5321.38
2934.39	5371.01
2935.62	5366.99
2936.85	5202.19
2938.07	5320.89
2939.3	5189.26
2940.52	5185
2941.75	5121.94
2942.97	5056.89
2944.2	5141.62
2945.42	5037.91
2946.65	5035.87
2947.87	4909.94
2949.09	4851.8
2950.32	4794.01
2951.54	4756.07
2952.76	4705.35
2953.98	4683.26
2955.2	4797
2956.43	4690.89
2957.65	4735.19
2958.87	4694.51
2960.09	4603.63
2961.31	4719.52
2962.53	4527.59
2963.75	4813.05
2964.97	4482.19
2966.19	4472.4
2967.41	4536.75
2968.63	4493.38
2969.84	4480.34
2971.06	4412.71
2972.28	4490.2
2973.5	4209.65
2974.71	4404.36
2975.93	4366.15
2977.15	4349.02
2978.36	4266.94
2979.58	4257.36
2980.79	4349.7
2982.01	4131.92
2983.22	4211.68
2984.44	4203.56
2985.65	4194.98
2986.87	4078.57
2988.08	4097.43
2989.3	4016.01
2990.51	4032.94
2991.72	3945.08
2992.93	4005.82
2994.15	3986.66
2995.36	3882.66
2996.57	3876.79
2997.78	3889.47
2998.99	3883.35
3000.2	3918.59
3001.41	3814.34
3002.62	3866.28
3003.83	3809.86
3005.04	3751.83
3006.25	3761.19
3007.46	3811.74
3008.67	3855.99
3009.88	3821.72
3011.09	3731.61
3012.29	3563.13
3013.5	3687.96
3014.71	3657.47
3015.92	3683.52
3017.12	3634.83
3018.33	3611.03
3019.54	3562.4
3020.74	3541.73
3021.95	3605.83
3023.15	3548.04
3024.36	3602.86
3025.56	3594.82
3026.77	3573.5
3027.97	3382.48
3029.17	3557.39
3030.38	3549.78
3031.58	3511.11
3032.78	3344.9
3033.99	3526.59
3035.19	3443.01
3036.39	3457.61
3037.59	3531.51
3038.79	3379.36
3039.99	3484.9
3041.19	3455.92
3042.39	3420.19
3043.59	3427.12
3044.79	3490.26
3045.99	3444.19
3047.19	3381.32
3048.39	3336.74
3049.59	3352.37
3050.79	3481.45
3051.99	3409.94
3053.19	3565.08
3054.38	3412.68
3055.58	3399.73
3056.78	3507.08
3057.97	3462.47
3059.17	3499.83
3060.36	3457.55
3061.56	3346.46
3062.76	3387.04
3063.95	3320.4
3065.15	3354.92
3066.34	3391.86
3067.53	3407.22
3068.73	3245.71
3069.92	3352.68
3071.12	3267.25
3072.31	3242.04
3073.5	3294.68
3074.69	3185.28
3075.89	3105.34
3077.08	3259
3078.27	3210.29
3079.46	3261.69
3080.65	3135.5
3081.84	3116.04
3083.03	3142.68
3084.22	3112.63
3085.41	3176.77
3086.6	3065.23
3087.79	3183.4
3088.98	3063.52
3090.17	3089.96
3091.36	3012.52
3092.54	3021.36
3093.73	2981.22
3094.92	3087.44
3096.11	2920.5
3097.29	3081.95
3098.48	3072.48
3099.66	3051.51
3100.85	2885.64
3102.04	2971.84
3103.22	2921.82
3104.41	2896.03
3105.59	2802.92
3106.78	2931.76
3107.96	2886.52
3109.14	2903.27
3110.33	2760.54
3111.51	2900.04
3112.69	2777.13
3113.88	2766.07
3115.06	2782.69
3116.24	2842.21
3117.42	2580.19
3118.6	2698.84
3119.78	2637.52
3120.96	2740.79
3122.14	2688.72
3123.33	2639.73
3124.51	2599.45
3125.69	2630.79
3126.86	2722.61
3128.04	2698.67
3129.22	2569.63
3130.4	2576.91
3131.58	2562.66
3132.76	2502.48
3133.93	2588.7
3135.11	2476.52
3136.29	2475.34
3137.46	2487.82
3138.64	2518.39
3139.82	2571.89
3140.99	2435.56
3142.17	2316.94
3143.34	2376.99
3144.52	2243.3
3145.69	2352.35
3146.87	2366.64
3148.04	2273.31
3149.22	2229.4
3150.39	2220.5
3151.56	2280.06
3152.74	2439.11
3153.91	2352.23
3155.08	2241.68
3156.25	2323.09
3157.42	2260.59
3158.6	2236.03
3159.77	2191.21
3160.94	2091.43
3162.11	2113.78
3163.28	2168.08
3164.45	2163.06
3165.62	2079.61
3166.79	2125.22
3167.96	2069.88
3169.13	2178.92
3170.29	2248.55
3171.46	2118.92
3172.63	1995.95
3173.8	2259.75
3174.96	2099.4
3176.13	2028.46
3177.3	2132.46
3178.46	2023.16
3179.63	1836.19
3180.79	1890.91
3181.96	2070.39
3183.13	1970.46
3184.29	1969.3
3185.45	1791.11
3186.62	1902.03
3187.78	1786.29
3188.95	1936.06
3190.11	1887.52
3191.27	1801.14
3192.44	1813.07
3193.6	1755.79
3194.76	2044.83
3195.92	1737.06
3197.08	2011.67
3198.25	1741.21
3199.41	1798.86
3200.57	1794.6
3201.73	1768.54
3202.89	1763.85
3204.05	1709.44
3205.21	1744.13
3206.37	1683.76
3207.53	1623.58
3208.68	1501.57
3209.84	1739.2
3211	1669.74
3212.16	1691.6
3213.32	1553.77
3214.47	1746.38
3215.63	1813.59
3216.79	1505.75
3217.94	1519.83
3219.1	1765.75
3220.25	1631.5
3221.41	1722.12
3222.57	1586.27
3223.72	1671.55
3224.88	1620.03
3226.03	1586.51
3227.18	1585.54
3228.34	1762.89
3229.49	1650.01
3230.64	1580.25
3231.8	1609.35
3232.95	1607.72
3234.1	1620.14
3235.25	1717.42
3236.4	1533.29
3237.56	1602.21
3238.71	1691.46
3239.86	1670.62
3241.01	1613.33
3242.16	1478.94
3243.31	1813.7
3244.46	1663.24
3245.61	1603.72
3246.76	1659.74
3247.91	1641.75
3249.05	1523.18
3250.2	1655.67
3251.35	1712.47
3252.5	1569.72
3253.64	1641.43
3254.79	1638.52
3255.94	1630.72
3257.08	1537.09
3258.23	1511.09
3259.38	1580.89
3260.52	1512.47
3261.67	1737.81
3262.81	1545.04
3263.95	1745.18
3265.1	1709.17
3266.24	1654.74
3267.39	1567.21
3268.53	1582.09
3269.67	1717.01
3270.82	1886.33
3271.96	1671.51
3273.1	1656.38
3274.24	1689.05
3275.38	1727.39
3276.53	1596.19
3277.67	1583.98
3278.81	1532.89
3279.95	1559.36
3281.09	1653.35
3282.23	1541.09
3283.37	1685.24
3284.51	1548.75
3285.65	1643.34
3286.78	1545.99
3287.92	1602.79
3289.06	1617.28
3290.2	1502.89
3291.34	1716.44
3292.47	1484.68
3293.61	1646.8
3294.75	1664.9
3295.88	1685.86
3297.02	1556.01
3298.16	1618.93
3299.29	1571.57
3300.43	1700.01
3301.56	1452.1
3302.7	1609.8
3303.83	1487.29
3304.96	1569.13
3306.1	1514.43
3307.23	1418.38
3308.36	1390.82
3309.5	1489.86
3310.63	1543.03
3311.76	1515.61
3312.89	1546.52
3314.03	1596.76
3315.16	1502.43
3316.29	1516.92
3317.42	1512.95
3318.55	1437.55
3319.68	1441.9
3320.81	1438.39
3321.94	1477.29
3323.07	1587.9
3324.2	1476.37
3325.33	1438.76
3326.45	1406.99
3327.58	1682.82
3328.71	1535.9
3329.84	1396.8
3330.97	1459.16
3332.09	1373.96
3333.22	1418.68
3334.34	1359.33
3335.47	1535.93
3336.6	1389.91
3337.72	1323.65
3338.85	1310.68
3339.97	1506.35
3341.1	1386.42
3342.22	1346.3
3343.35	1395.03
3344.47	1476.66
3345.59	1383.31
3346.72	1235.95
3347.84	1434.52
3348.96	1332.26
3350.08	1282.05
3351.21	1229.39
3352.33	1270.53
3353.45	1380.66
3354.57	1340.7
3355.69	1298.56
3356.81	1400.13
3357.93	1214.11
3359.05	1430.6
3360.17	1290.68
3361.29	1256.58
3362.41	1178.86
3363.53	1070.21
3364.65	1258.82
3365.77	1312.67
3366.88	1272.81
3368	1329.5
3369.12	1244.19
3370.24	1259.1
3371.35	1164.08
3372.47	1310.5
3373.58	1187.47
3374.7	1265.33
3375.82	1176.05
3376.93	1186.67
3378.05	1031.17
3379.16	1154.5
3380.28	1316.52
3381.39	1199.6
3382.5	1175.42
3383.62	1142.3
3384.73	1110.76
3385.84	1270.32
3386.96	1073.33
3388.07	1172.42
3389.18	1192.25
3390.29	1188.09
3391.4	1145.41
3392.51	1210.84
3393.63	1083.41
3394.74	1109.71
3395.85	1074.4
3396.96	989.453
3398.07	1251.32
3399.18	1159.15
3400.29	1109.75
3401.4	1177.51
3402.5	12651.2
3403.61	12691
3404.72	12700.7
3405.83	12728.5
3406.93	12690.3
3408.04	12670
3409.15	12777.8
3410.25	12647.5
3411.36	12691.3
3412.47	12631.1
3413.57	12710.8
3414.68	12694.6
3415.78	12652.3
3416.89	12692.1
3417.99	12647.9
3419.1	12545.6
3420.2	12573.4
3421.3	12605.2
3422.41	12642.9
3423.51	12630.7
3424.61	12754.4
3425.72	12738.2
3426.82	12554
3427.92	12655.7
3429.02	12671.5
3430.12	12775.3
3431.22	12731
3432.33	12640.8
3433.43	12732.5
3434.53	12644.3
3435.63	12568.1
3436.72	12593.8
3437.82	12585.6
3438.92	12477.3
3440.02	12527.1
3441.12	12624.9
3442.22	12482.6
3443.32	12538.4
3444.41	12556.2
3445.51	12505.9
3446.61	12533.7
3447.7	12447.4
3448.8	12499.2
3449.9	12555
3450.99	12526.7
3452.09	12334.5
3453.18	12484.2
3454.28	12394
3455.37	12355.8
3456.47	12361.5
3457.56	12333.3
3458.65	12317.1
3459.75	12228.8
3460.84	12224.6
3461.93	12292.3
3463.03	12268.1
3464.12	12361.9
3465.21	12295.6
3466.3	12167.4
3467.4	12309.1
3468.49	12060.9
3469.58	12102.7
3470.67	12084.4
3471.76	12118.2
3472.85	11984
3473.94	12113.7
3475.03	12085.5
3476.12	11969.2
3477.2	11945
3478.29	12052.8
3479.38	11856.5
3480.47	12018.3
3481.56	11896.1
3482.64	11803.8
3483.73	11773.6
3484.82	11895.3
3485.91	11671.1
3486.99	11724.9
3488.08	11776.6
3489.16	11678.4
3490.25	11564.1
3491.33	11555.9
3492.42	11625.7
3493.5	11529.4
3494.59	11679.2
3495.67	11463
3496.75	11474.7
3497.84	11400.5
3498.92	11486.2
