400.424	91.6465
404.669	274.369
408.909	293.129
413.143	286.475
417.374	141.844
421.6	459.096
425.822	348.244
430.039	223.139
434.253	502.611
438.461	118.693
442.664	79.3867
446.866	212.375
451.06	223.168
455.251	138.965
459.437	93.8672
463.619	10.1426
467.798	-13.2988
471.97	128.381
476.139	275.959
480.303	219.641
484.464	362.537
488.619	125.834
492.771	261.178
496.916	283.475
501.057	298.225
505.196	172.264
509.329	486.182
513.458	494.713
517.583	291.93
521.704	360.43
525.82	601.119
529.931	446.424
534.037	391.338
538.14	259.5
542.238	121.006
546.332	225.605
550.422	13.3828
554.506	139.449
558.587	-11.0938
562.663	258.945
566.734	146.705
570.802	228.836
574.863	200.352
578.922	240.662
582.978	253.67
587.027	37.5645
591.073	70.7539
595.112	151.83
599.148	23.8594
603.18	194.061
607.209	-52.7422
611.231	38.5605
615.25	342.559
619.265	189.758
623.274	200.76
627.279	-5.26367
631.281	171.68
635.278	27.0352
639.27	310.51
643.258	179.396
647.243	316.592
651.222	210.742
655.195	114.918
659.166	305.803
663.131	357.398
667.093	295.564
671.051	132.971
675.001	35.1719
678.949	53.0742
682.894	111.172
686.835	6.56641
690.769	57.7598
694.7	148.549
698.626	58.4082
702.548	59.8223
706.465	48.4863
710.378	166.965
714.287	106.266
718.192	89.3477
722.09	-22.3828
725.986	215.172
729.879	92.6191
733.766	234.387
737.647	170.178
741.526	283.104
745.4	202.264
749.268	307.199
753.133	294.746
756.994	402.107
760.851	325.664
764.701	428.379
768.547	397.518
772.389	145.811
776.23	26.2891
780.063	37.418
783.893	81.6816
787.719	19.6328
791.541	134.148
795.356	-14.2891
799.168	112.676
802.977	112.758
806.781	169.295
810.58	108.912
814.375	17.3887
818.162	184.619
821.95	241.482
825.732	331.092
829.509	265.836
833.282	195.141
837.05	114.633
840.814	148.703
844.575	203.818
848.33	162.484
852.079	116.418
855.825	16.7461
859.568	68.9902
863.307	113.955
867.04	46.4648
870.769	110.555
874.493	138.35
878.214	113.127
881.93	20.7695
885.642	162.387
889.35	359.189
893.053	117.563
896.751	332.322
900.445	669.633
904.134	307.215
907.821	265.744
911.503	131.395
912.036	95.9102
915.893	227.814
919.749	376.803
923.602	199.197
927.45	156.895
931.291	221.941
935.131	230.451
938.965	245.969
942.797	287.086
946.624	126
950.447	141.328
954.267	133.055
958.081	263.322
961.891	179.119
965.697	-79.4258
969.498	233
973.298	92.5488
977.092	124.422
980.881	356.115
984.668	466.16
988.45	510.451
992.226	453.611
996.001	737.016
999.772	2131.36
1003.54	1788.82
1007.3	644.744
1011.06	400.188
1014.81	304.311
1018.56	84.877
1022.31	296.344
1026.05	367.891
1029.78	184.225
1033.52	246.207
1037.24	282.037
1040.97	-31.2539
1044.69	197.477
1048.41	126.789
1052.12	95.3809
1055.83	82.375
1059.53	134.508
1063.23	261.043
1066.93	182.299
1070.62	143.096
1074.31	182.393
1077.99	270.912
1081.67	146.656
1085.35	315.438
1089.02	62.7754
1092.69	30.6113
1096.35	231.502
1100.01	387.693
1103.67	297.281
1107.32	422.824
1110.97	438.75
1114.61	430.867
1118.25	441.086
1121.88	639.295
1125.52	783.918
1129.14	816.814
1132.76	481.313
1136.38	84.9102
1140	101.51
1143.61	-4.20313
1147.22	160.084
1150.82	173.74
1154.42	292.406
1158.01	371.424
1161.6	291.1
1165.19	217.117
1168.77	230.424
1172.35	173.305
1175.92	147.297
1179.49	3.86133
1183.06	115.875
1186.62	272.5
1190.18	277.564
1193.73	372.049
1197.28	377.637
1200.83	676.643
1204.37	796.732
1207.91	660.563
1211.44	668.887
1214.97	552.137
1218.49	582.225
1222.01	628.219
1225.53	611.125
1229.04	755.434
1232.55	723.873
1236.06	655.934
1239.56	833.244
1243.06	740.857
1246.55	687
1250.04	743.959
1253.52	727.674
1257	643.574
1260.48	678.201
1263.95	842.992
1267.42	749.693
1270.88	883.688
1274.34	945.311
1277.8	922.586
1281.25	976.104
1284.7	969.232
1288.14	1072.67
1291.58	1242.63
1295.02	1286.09
1298.45	1209.57
1301.88	1244.82
1305.3	1330.82
1308.72	1343.26
1312.14	1383.32
1315.55	1319.07
1318.96	1106.67
1322.36	1038.61
1325.76	740.135
1329.16	761.719
1332.54	837.088
1335.93	875.303
1339.32	707.48
1342.69	509.111
1346.07	418.709
1349.44	395.16
1352.81	315.404
1356.17	92.7988
1359.53	0.251953
1362.89	103.857
1364.21	173.172
1367.74	137.002
1371.27	111.959
1374.8	61.7871
1378.32	233.262
1381.83	318.346
1385.34	278.809
1388.85	218.66
1392.36	437.982
1395.86	492.383
1399.35	497.23
1402.85	591.871
1406.34	722.568
1409.82	777.113
1413.3	859.127
1416.78	790.57
1420.26	699.959
1423.73	881.258
1427.19	922.418
1430.66	974.879
1434.12	1220.07
1437.57	1583.9
1441.02	1803.85
1444.47	1735.1
1447.91	1960.34
1451.36	1654.25
1454.79	1667.12
1458.23	1587.41
1461.65	1469.92
1465.08	1240.08
1468.5	993.293
1471.92	677.563
1475.33	300.35
1478.74	207.176
1482.15	365.512
1485.55	207.289
1488.95	8.6543
1492.34	47.7148
1495.73	48.8555
1499.12	216.814
1502.5	210.533
1505.88	242.723
1509.26	300.26
1512.63	495.066
1516	447.572
1519.36	544.635
1522.72	591.471
1526.08	739.293
1529.43	833.736
1532.78	908.906
1536.13	767.908
1539.47	888.818
1542.81	1020.1
1546.14	1014.59
1549.47	1068.64
1552.79	1108.05
1556.12	988.291
1559.44	944.297
1562.75	1023.17
1566.06	997.711
1569.37	1012.64
1572.68	949.736
1575.97	802.074
1579.27	810.783
1582.56	982.721
1585.85	987.75
1589.14	832.637
1592.42	977.822
1595.69	1188.67
1598.97	1198.7
1602.24	1792.17
1605.5	2070.21
1608.76	1950.29
1612.02	1779.85
1615.28	1748.15
1618.53	1465.21
1621.77	1356.62
1625.02	1311.7
1628.26	1367.13
1631.49	1515.46
1634.72	1507.77
1637.95	1654
1641.17	1728.95
1644.4	1722.57
1647.61	1825.65
1650.82	1894.04
1654.03	1947.71
1657.24	1908.56
1660.44	1751.75
1663.63	1577.92
1666.83	1553.52
1670.02	1439.76
1673.2	1324.64
1676.39	847.809
1679.56	914.029
1682.74	706.381
1685.91	527.762
1689.08	410.213
1692.24	165.602
1695.4	95.1563
1698.56	197.557
1701.71	36.4824
1704.86	-7.98242
1708	33.7148
1711.14	67.5469
1714.28	107.299
1717.41	242.543
1720.54	268.783
1723.67	417.154
1726.79	281.773
1729.91	320.371
1733.02	58.1992
1736.13	68.9941
1739.24	165.057
1742.34	-41.1191
1745.44	-117.996
1748.53	12.832
1751.62	-97.5273
1754.71	-59.9102
1757.8	18.8438
1760.88	-41.3867
1763.95	-72.7539
1767.03	-83.9121
1770.1	-96.3184
1773.16	-31.3945
1776.22	-104.027
1778.67	42.9746
1781.9	-235.973
1785.13	-247.811
1788.36	-57.293
1791.59	-279.33
1794.81	-269.762
1798.03	-203.555
1801.24	-113.857
1804.45	-218.139
1807.66	15.377
1810.87	-149.768
1814.06	-255.816
1817.26	-105.803
1820.46	-29.709
1823.65	-125.59
1826.83	-334.381
1830.01	-192.813
1833.19	-318.104
1836.37	-177.541
1839.54	-119.543
1842.71	-210.963
1845.87	-53.5215
1849.03	-62.8164
1852.19	5.07813
1855.35	-107.293
1858.5	-246.938
1861.64	-174.488
1864.79	-139.582
1867.93	-138.314
1871.06	-41.4766
1874.2	16.1426
1877.33	39.1992
1880.45	-211.572
1883.58	-229.342
1886.69	2.04297
1889.81	-289.729
1892.92	-144.754
1896.03	-131.121
1899.13	-198.408
1902.23	-246.988
1905.33	-159.518
1908.42	-282.787
1911.51	-316.584
1914.6	-360.594
1917.69	-206.049
1920.76	-197.564
1923.84	-264.623
1926.91	-248.709
1929.98	-116.404
1933.05	-126.396
1936.11	-226.361
1939.17	-234.135
1942.22	-234.98
1945.27	-175.99
1948.32	-243.844
1951.36	-175.342
1954.41	-240.092
1957.44	-311.367
1960.48	-320.621
1963.51	-194.133
1966.53	-125.219
1969.56	-91.5215
1972.57	-173.633
1975.59	-143.053
1978.6	-132.564
1981.61	-14.1738
1984.62	-27.6875
1987.62	30.8262
1990.62	-2.43945
1993.61	-90.3945
1996.6	10.1836
1999.59	58
2002.57	-32.0879
2005.55	-267.598
2008.53	-215.844
2011.5	-53.9473
2014.47	-40.3008
2017.44	-227.592
2020.4	-228.406
2023.36	-272.379
2026.32	-255.451
2029.27	-318.049
2032.22	-337.891
2035.16	-238.461
2038.1	-229.242
2041.04	-265.51
2043.97	-313.752
2046.9	-308.023
2049.83	-218.203
2052.76	-191.211
2055.68	-228.7
2058.59	-183.091
2061.5	-158.07
2064.41	-201.534
2067.32	-198.317
2070.22	-181.341
2073.12	-248.416
2076.01	-342.643
2078.91	-195.342
2081.79	-299.695
2084.68	-103.621
2087.56	-217.357
2090.44	-287.787
2093.31	-179.871
2096.18	-96.2773
2099.05	-28.373
2101.91	-54
2104.77	-117.311
2107.63	-79.5664
2110.48	-59.7832
2113.33	-130.816
2116.17	-16.0645
2119.02	-7.99219
2121.85	-146.785
2124.69	36.2988
2127.52	-18.1055
2130.35	-13.2773
2133.17	-75.7852
2135.99	-83.1523
2138.81	-81
2141.62	-53.7656
2144.43	-182.498
2147.24	-259.805
2150.04	-201.236
2152.84	-180.365
2155.64	-183.611
2157.47	-148.678
2160.44	-305.207
2163.4	-232.058
2166.37	-246.878
2169.32	-50.0098
2172.28	-299.266
2175.24	-147.96
2178.18	-227.655
2181.13	-160.904
2184.07	-278.017
2187.01	-193.354
2189.95	-141.054
2192.88	-202.988
2195.81	-286.062
2198.74	-181.987
2201.66	-73.5078
2204.58	-233.336
2207.5	-250.797
2210.41	-19.1982
2213.32	-18.9404
2216.23	-27.4785
2219.13	-293.37
2222.03	-211.707
2224.93	-135.365
2227.82	74.1953
2230.71	-3.37305
2233.6	-169.602
2236.48	-46.1426
2239.36	-17.7109
2242.24	54.2793
2245.11	17.0371
2247.98	-48.8027
2250.84	-87.0957
2253.71	21.1875
2256.57	-3.39648
2259.42	-17.793
2262.28	-129.498
2265.13	-174.426
2267.98	-99.1914
2270.82	-53.7266
2273.66	-43.7754
2276.49	-142.244
2279.33	-228.211
2282.16	-185.398
2284.98	-160.168
2287.8	-215.57
2290.63	-125.079
2293.44	-44.626
2296.26	-176.998
2299.07	-82.7559
2301.87	-95.9424
2304.68	-66.5244
2307.48	-148.116
2310.27	-44.0313
2313.06	-44.8926
2315.85	-90.9365
2318.64	-152.513
2321.42	-153.85
2324.2	-142.526
2326.98	-140.262
2329.75	-244.202
2332.52	-34.9229
2335.29	-152.534
2338.05	-165.291
2340.81	-116.829
2343.57	-237.787
2346.32	-138.734
2349.07	-85.7031
2351.82	-223.441
2354.56	-94.71
2357.3	-183.858
2360.04	-47.8418
2362.77	-52.3057
2365.5	-102.831
2368.23	-124.326
2370.95	-112.7
2373.67	-129.774
2376.38	-217.589
2379.1	-215.031
2381.81	-75.0752
2384.51	-93.6396
2387.22	-50.5137
2389.92	0.0126953
2392.61	-90.8916
2395.3	-156.355
2397.99	-226.125
2400.68	-179.866
2403.36	-139.485
2406.04	-171.766
2408.72	-261.217
2411.39	-103.625
2414.06	-177.666
2416.73	-44.585
2419.39	-158.496
2422.05	25.0557
2424.71	-166.258
2427.36	-181.844
2430.01	-229.889
2432.65	-202.514
2435.3	-168.531
2437.94	-90.2461
2440.57	-128.634
2443.21	-77.3809
2445.84	-109.067
2448.46	-246.482
2451.08	-188.643
2453.7	-134.082
2456.32	-37.8223
2458.93	-112.643
2461.54	-245.313
2464.15	34.9785
2466.75	3.81641
2469.35	-64.7031
2471.95	-85.6729
2474.54	-85.4219
2477.13	-58.793
2479.71	-68.1797
2482.3	-83.8867
2484.87	-8.87012
2487.45	-20.4961
2490.02	-156.299
2492.59	-185.172
2495.16	-168.787
2497.72	-186.238
2500.28	-267.391
2502.84	-172.972
2505.47	-153.604
2508.2	-193.968
2510.92	-64.0371
2513.65	-257.345
2516.37	-100.333
2519.08	-294.985
2521.79	-103.316
2524.5	-249.432
2527.21	-226.633
2529.91	-322.248
2532.61	-229.322
2535.31	-123.068
2538	-400.507
2540.7	-255.602
2543.38	-234.802
2546.07	-234.345
2548.75	-108.005
2551.43	-265.613
2554.1	-135.421
2556.78	-277.26
2559.44	-239.418
2562.11	-234.666
2564.77	-100.166
2567.43	-59.5146
2570.09	-42.2314
2572.74	-98.2451
2575.39	-155.877
2578.04	-215.612
2580.68	-92.7139
2583.32	-187.544
2585.96	-88.915
2588.59	-139.214
2591.22	-123.284
2593.85	16.7451
2596.48	-99.6748
2599.1	-145.784
2601.72	19.1064
2604.33	-80.8252
2606.94	-153.604
2609.55	-144.055
2612.16	-168.559
2614.76	22.3369
2617.36	-230.935
2619.96	-129.791
2622.55	-172.031
2625.14	-208.736
2627.73	-195.488
2630.31	-162.139
2632.89	-91.2207
2635.47	-143.597
2638.05	-174.538
2640.62	-49.3721
2643.19	-218.88
2645.75	-79.0781
2648.31	-132.585
2650.87	-111.975
2653.43	-166.504
2655.98	-131.538
2658.53	-186.277
2661.07	-88.5273
2663.62	-148.815
2666.16	-48.708
2668.69	34.959
2671.23	-117.003
2673.76	105.004
2676.28	21.0166
2678.81	61.2832
2681.33	50.3818
2683.85	68.4482
2686.36	96.0098
2688.87	62.6602
2691.38	247.2
2693.89	214.423
2696.39	191.089
2698.89	150.514
2701.38	188.565
2703.87	178.275
2706.36	243.557
2708.85	422.585
2711.33	402.941
2713.81	404.887
2716.29	494.15
2718.76	578.232
2721.23	642.445
2723.7	633.351
2726.16	679.476
2728.62	697.894
2731.08	583.298
2733.54	458.693
2735.99	479.33
2738.43	505.588
2740.88	460.784
2743.32	343.394
2745.76	341.591
2748.2	287.168
2750.63	322.097
2753.06	420.948
2755.48	204.035
2757.91	251.892
2760.33	313.716
2762.74	304.468
2765.16	208.434
2767.57	216.427
2769.97	234.237
2772.38	165.321
2774.78	134.963
2777.18	201.396
2779.57	131.376
2781.96	102.928
2784.35	60.0684
2786.73	149.427
2789.11	140.218
2791.49	120.756
2793.87	-26.4541
2796.24	83.7354
2798.61	97.4932
2800.98	110.411
2803.34	165.502
2805.7	180.736
2808.06	128.452
2810.41	156.018
2812.76	200.222
2815.11	221.396
2817.45	340.589
2819.79	228.451
2822.13	324.265
2824.32	236.559
2826.83	231.164
2829.33	531.707
2831.84	465.021
2834.34	789.212
2836.84	1152.94
2839.33	1453.44
2841.82	2012.39
2844.31	2475.06
2846.8	2500.59
2849.28	2809.15
2851.76	2714.16
2854.24	2754.75
2856.71	2971.82
2859.18	3014.28
2861.65	3208.53
2864.12	3792.03
2866.58	4093.15
2869.04	4736.04
2871.49	5248.25
2873.95	5410.18
2876.4	5621.27
2878.85	5878.47
2881.29	6107.93
2883.73	5681.61
2886.17	4978.32
2888.6	4964.38
2891.04	4946.29
2893.47	4959.37
2895.89	5111.52
2898.32	4981.42
2900.74	5209.52
2903.16	5140.43
2905.57	5412.78
2907.98	5529.81
2910.39	5904.44
2912.8	6250.4
2915.2	6493.73
2917.6	6805.79
2919.99	7176.48
2922.39	7312.14
2924.78	7694.14
2927.17	8068.47
2929.55	8231.12
2931.93	8159.72
2934.31	8233.86
2936.69	8260.15
2939.06	8123.46
2941.43	7729.02
2943.8	7448.39
2946.16	6915.03
2948.52	6272.37
2950.88	5911.29
2953.23	5724.39
2955.58	5456.5
2957.93	5204.76
2960.28	5242.85
2962.62	5088.76
2964.96	4747.02
2967.3	4680.62
2969.63	4426.48
2971.96	4405.29
2974.29	4203.98
2976.62	4005.91
2978.94	3746.29
2981.26	3572.79
2983.57	3428.94
2985.88	3223.84
2988.19	2862.33
2990.5	2694.57
2992.8	2363.76
2995.1	2104.13
2997.4	1841.42
2999.7	1721.49
3001.99	1615.07
3004.28	1462.41
3006.56	1191.19
3008.85	1108.11
3011.13	895.551
3013.4	660.508
3015.68	604.294
3017.95	481.671
3020.22	367.778
3022.48	301.636
3024.74	296.574
3027	206.132
3029.26	164.569
3031.51	118.188
3033.76	61.3545
3036.01	155.675
3038.25	83.7471
3040.49	178.198
3042.73	163.522
3044.96	169.33
3047.2	204.98
3049.43	293.248
3051.65	471.381
3053.87	546.963
3056.09	720.195
3058.31	802.475
3060.52	667.873
3062.74	883.754
3064.94	884.254
3067.15	949.571
3069.35	737.485
3071.55	653.672
3073.74	529.276
3075.94	490.563
3078.13	480.747
3080.31	376.008
3082.5	281.48
3084.68	188.749
3086.86	219.398
3089.03	132.303
3091.2	54.877
3093.37	150.622
3095.54	64.4648
3097.7	-19.6328
3099.86	-13.8975
3102.02	30.6045
3104.17	61.874
3106.32	144.734
3108.47	232.988
3110.61	166.789
3112.75	121.15
3114.89	321.798
3116.84	360.827
3119.15	163.439
3121.46	209.848
3123.76	343.797
3126.07	227.619
3128.37	173.26
3130.66	206.482
3132.96	89.4434
3135.25	84.8652
3137.54	157.677
3139.83	185.11
3142.11	137.867
3144.39	209.278
3146.67	177.135
3148.95	295.872
3149.19	488.406
