400.424	6.41797
404.669	-102.9
408.909	-74.9199
413.143	-195.371
417.374	-32.3652
421.6	94.1465
425.822	115.273
430.039	-15.3965
434.253	106.373
438.461	70.5098
442.664	-5.58984
446.866	-105.559
451.06	-258.535
455.251	151.695
459.437	163.246
463.619	-35.3867
467.798	-23.1074
471.97	-56.1016
476.139	-53.2109
480.303	-80.2832
484.464	176.543
488.619	162.77
492.771	140.295
496.916	325.674
501.057	215.104
505.196	-208.639
509.329	137.281
513.458	-48.166
517.583	230.877
521.704	277.652
525.82	155.393
529.931	21.0957
534.037	-102.371
538.14	-71.8232
542.238	-245.32
546.332	-93.9063
550.422	-128.754
554.506	-252.249
558.587	-265.92
562.663	-220.111
566.734	144.105
570.802	159.651
574.863	-64.8594
578.922	-206.265
582.978	20.1465
587.027	51.4932
591.073	-84.3389
595.112	-71.6406
599.148	-135.223
603.18	-44.6104
607.209	-133.205
611.231	-208.156
615.25	-273.001
619.265	-130.411
623.274	-143.709
627.279	-223.153
631.281	1615.51
635.278	-50.3252
639.27	6.53027
643.258	76.6807
647.243	-46.8213
651.222	-142.827
655.195	-9.14063
659.166	-252.521
663.131	-19.8086
667.093	-103.35
671.051	17.1738
675.001	59.1191
678.949	65.4961
682.894	18.0215
686.835	-39.791
690.769	72.2051
694.7	-21.252
698.626	1.06836
702.548	-38.8477
706.465	35.3125
710.378	-20.3398
714.287	102.678
718.192	-226.438
722.09	12.8613
725.986	57.0488
729.879	111.414
733.766	-101.926
737.647	30.4492
741.526	187.572
745.4	258.57
749.268	189.904
753.133	69.8496
756.994	45.6172
760.851	-72.8652
764.701	-69.7324
768.547	1.70508
772.389	-199.506
776.23	-172.027
780.063	-37.1758
783.893	53.166
787.719	-85.8535
791.541	-96.5332
795.356	-131.949
799.168	-39.082
802.977	-56.873
806.781	-152.336
810.58	38.6328
814.375	-157.197
818.162	167.275
821.95	289.811
825.732	92.207
829.509	148.285
833.282	-103.117
837.05	-87.7754
840.814	54.916
844.575	-29.0352
848.33	109.381
852.079	134.965
855.825	62.7344
859.568	-28.2949
863.307	-81.0195
867.04	-48.2871
870.769	-52.1387
874.493	-68.5684
878.214	-143.045
881.93	-7.36914
885.642	132.691
889.35	-47.1895
893.053	120.443
896.751	198.268
900.445	31.9551
904.134	147.619
907.821	40.3516
911.503	93.1367
912.036	98.7383
915.893	176.375
919.749	517.697
923.602	30.9668
927.45	79.4629
931.291	-110.879
935.131	204.936
938.965	-9.37891
942.797	-44.1816
946.624	-88.7598
950.447	-87.7246
954.267	-158.17
958.081	-10.8711
961.891	134.43
965.697	-52.9063
969.498	-9.21484
973.298	67.0527
977.092	3.25977
980.881	-223.461
984.668	-27.8359
988.45	-203.244
992.226	-153.25
996.001	166.82
999.772	1414.01
1003.54	1228.94
1007.3	358.305
1011.06	-113.633
1014.81	27.7246
1018.56	-43.4199
1022.31	-124.502
1026.05	-79.9883
1029.78	131.145
1033.52	102.551
1037.24	43.2051
1040.97	51.6689
1044.69	-118.491
1048.41	59.3291
1052.12	73.6992
1055.83	-8.42871
1059.53	27.2021
1063.23	33.4277
1066.93	-51.0938
1070.62	-106.826
1074.31	-61.5547
1077.99	-137.208
1081.67	-100.155
1085.35	-34.2061
1089.02	-68.623
1092.69	-210.544
1096.35	-222.493
1100.01	-210.443
1103.67	-33.6943
1107.32	-216.805
1110.97	-137.148
1114.61	-47.7227
1118.25	-150.094
1121.88	-73.0605
1125.52	204.432
1129.14	449.674
1132.76	148.516
1136.38	-116.566
1140	-232.955
1143.61	-316.225
1147.22	-82.9951
1150.82	-199.245
1154.42	-109.201
1158.01	-67.2734
1161.6	-49.2813
1165.19	120.119
1168.77	500.992
1172.35	67.2051
1175.92	-45.3379
1179.49	19.6191
1183.06	-150.223
1186.62	-74.2598
1190.18	66.3105
1193.73	240.393
1197.28	299.459
1200.83	348.752
1204.37	534.719
1207.91	495.533
1211.44	448.354
1214.97	498.674
1218.49	463.324
1222.01	416.117
1225.53	528.627
1229.04	585.344
1232.55	598.889
1236.06	678.234
1239.56	636.451
1243.06	604.59
1246.55	597.998
1250.04	585.449
1253.52	573.121
1257	719.713
1260.48	653.518
1263.95	570.164
1267.42	790.379
1270.88	608.059
1274.34	604.195
1277.8	640.205
1281.25	707.266
1284.7	705.639
1288.14	577.563
1291.58	914.217
1295.02	1083.95
1298.45	918.107
1301.88	874.104
1305.3	969.514
1308.72	1054.8
1312.14	1095.33
1315.55	1051.79
1318.96	864.996
1322.36	973.811
1325.76	795.035
1329.16	693.891
1332.54	790.441
1335.93	937.391
1339.32	819.018
1342.69	548.381
1346.07	516.822
1349.44	440.025
1352.81	290.348
1356.17	383.975
1359.53	271.75
1362.89	137.227
1364.21	101.803
1367.74	25.6641
1371.27	-110.637
1374.8	-42.0137
1378.32	-156.84
1381.83	65.8301
1385.34	226.393
1388.85	132.162
1392.36	432.564
1395.86	502.432
1399.35	319.451
1402.85	513.08
1406.34	434.748
1409.82	398.342
1413.3	460.441
1416.78	554.955
1420.26	647.543
1423.73	547.359
1427.19	621.031
1430.66	705.887
1434.12	849.861
1437.57	1110.98
1441.02	1446.93
1444.47	1196.96
1447.91	1237.05
1451.36	1236.13
1454.79	1041.56
1458.23	1041.65
1461.65	819.026
1465.08	746.274
1468.5	498.823
1471.92	393.091
1475.33	58.8359
1478.74	76.5137
1482.15	-39.0205
1485.55	6.12305
1488.95	-126.604
1492.34	-52.0703
1495.73	85.6143
1499.12	20.541
1502.5	-26.6582
1505.88	140.956
1509.26	148.761
1512.63	54.208
1516	375.673
1519.36	451.842
1522.72	271.482
1526.08	491.23
1529.43	615.674
1532.78	598.676
1536.13	726.479
1539.47	735.471
1542.81	912.278
1546.14	906.763
1549.47	1026.65
1552.79	977.892
1556.12	938.949
1559.44	818.929
1562.75	801.562
1566.06	768.687
1569.37	707.667
1572.68	707.3
1575.97	657.108
1579.27	640.523
1582.56	806.163
1585.85	787.11
1589.14	703.459
1592.42	676.37
1595.69	883.765
1598.97	756.005
1602.24	1025.79
1605.5	998.976
1608.76	985.451
1612.02	906.758
1615.28	1061.28
1618.53	952.022
1621.77	884.504
1625.02	1085.34
1628.26	1184.72
1631.49	1141.36
1634.72	1256.55
1637.95	1265.27
1641.17	1416.71
1644.4	1472.03
1647.61	1509.84
1650.82	1614.26
1654.03	1605.58
1657.24	1544.45
1660.44	1532
1663.63	1402.03
1666.83	1364.58
1670.02	1268.35
1673.2	1102.47
1676.39	860.779
1679.56	707.34
1682.74	592.238
1685.91	434.167
1689.08	381.357
1692.24	302.512
1695.4	277.008
1698.56	71.2305
1701.71	23.6045
1704.86	20.2314
1708	-47.8994
1711.14	-37.9707
1714.28	8.48828
1717.41	15.7939
1720.54	-87.25
1723.67	-70.5137
1726.79	-89.9648
1729.91	-54.2451
1733.02	-86.999
1736.13	-10.5322
1739.24	60.0527
1742.34	38.6924
1745.44	-52.2227
1748.53	90.5479
1751.62	-14.2705
1754.71	-50.7803
1757.8	34.8223
1760.88	87.7813
1763.95	72.7832
1767.03	22.3945
1770.1	-19.4355
1773.16	27.6318
1776.22	130.112
1778.67	-68.8164
1781.9	76.748
1785.13	-61.4189
1788.36	-100.663
1791.59	25.3359
1794.81	11.0117
1798.03	-55.6133
1801.24	-48.2148
1804.45	-50.3447
1807.66	8.9043
1810.87	12.9873
1814.06	-75.999
1817.26	-18.6045
1820.46	71.1006
1823.65	73.5059
1826.83	25.0537
1830.01	-123.873
1833.19	-64.5166
1836.37	-108.634
1839.54	23.1211
1842.71	80.4795
1845.87	49.2852
1849.03	-27.0205
1852.19	-4.5625
1855.35	-15.3252
1858.5	131.055
1861.64	-65.583
1864.79	57.3066
1867.93	106.24
1871.06	-61.6592
1874.2	29.4834
1877.33	18.3643
1880.45	3.76563
1883.58	128.011
1886.69	155.983
1889.81	-58.9307
1892.92	8.13379
1896.03	15.9043
1899.13	-108.871
1902.23	-22.0205
1905.33	-26.5117
1908.42	43.6563
1911.51	2.60156
1914.6	-20.2715
1917.69	36.1426
1920.76	-39.9902
1923.84	-97.8613
1926.91	-132.773
1929.98	-78.166
1933.05	-89.9482
1936.11	-77.7529
1939.17	-75.0273
1942.22	-35.1426
1945.27	34.7373
1948.32	-89.1826
1951.36	105.695
1954.41	-47.8926
1957.44	-65.3936
1960.48	68.0518
1963.51	-95.4092
1966.53	12.5479
1969.56	44.5059
1972.57	81.0732
1975.59	2.8291
1978.6	72.9453
1981.61	95.4014
1984.62	54.2676
1987.62	-37.0869
1990.62	-1.73047
1993.61	21.9189
1996.6	34.1553
1999.59	56.1533
2002.57	21.2529
2005.55	26.0986
2008.53	35.4033
2011.5	93.3154
2014.47	121.886
2017.44	-10.6816
2020.4	31.7295
2023.36	-80.2207
2026.32	42.0771
2029.27	45.707
2032.22	171.841
2035.16	17.2275
2038.1	-61.4307
2041.04	21.5654
2043.97	-94.5674
2046.9	-77.1787
2049.83	-36.0166
2052.76	-133.551
2055.68	-84.4121
2058.59	31.0049
2061.5	91.9619
2064.41	52.3105
2067.32	-112.924
2070.22	-72.4482
2073.12	49.1875
2076.01	-86.4434
2078.91	105.415
2081.79	-83.9072
2084.68	-4.95215
2087.56	1.42773
2090.44	5.05273
2093.31	20.9326
2096.18	-80.1348
2099.05	-39.7148
2101.91	48.3281
2104.77	8.97656
2107.63	-0.802734
2110.48	17.5752
2113.33	68.1816
2116.17	39.4131
2119.02	39.8506
2121.85	126.895
2124.69	38.0586
2127.52	107.359
2130.35	98.5039
2133.17	142.591
2135.99	53.6387
2138.81	41.4688
2141.62	-56.4111
2144.43	-18.75
2147.24	16.0342
2150.04	16.4893
2152.84	27.4824
2155.64	-2.43555
2157.47	-102.937
2160.44	49.5068
2163.4	-100.617
2166.37	70.9639
2169.32	4.37988
2172.28	-13.1475
2175.24	-7.57813
2178.18	-5.06543
2181.13	33.6592
2184.07	73.4521
2187.01	-109.807
2189.95	-83.9697
2192.88	6.44336
2195.81	-1.6123
2198.74	-17.6191
2201.66	-15.5742
2204.58	-93.0811
2207.5	-42.0801
2210.41	-70.8799
2213.32	50.5645
2216.23	-20.2969
2219.13	162.112
2222.03	7.81055
2224.93	67.96
2227.82	7.81641
2230.71	-69.3936
2233.6	-45.2354
2236.48	-32.707
2239.36	85.7324
2242.24	-14.8682
2245.11	80.167
2247.98	-60.3779
2250.84	43.5273
2253.71	51.5439
2256.57	-11.8711
2259.42	75.9922
2262.28	21.1074
2265.13	115.81
2267.98	142.323
2270.82	-127.992
2273.66	8.86719
2276.49	102.5
2279.33	102.425
2282.16	41.5684
2284.98	-57.7412
2287.8	10.5811
2290.63	115.776
2293.44	80.5088
2296.26	-70.29
2299.07	23.9326
2301.87	-6.28223
2304.68	84.6777
2307.48	-7.50781
2310.27	37.4746
2313.06	-84.624
2315.85	9.16699
2318.64	-1.36426
2321.42	-121.108
2324.2	81.2051
2326.98	-147.668
2329.75	-106.88
2332.52	-47.9014
2335.29	40.3066
2338.05	21.709
2340.81	51.7813
2343.57	-16.3564
2346.32	54.9102
2349.07	-15.3535
2351.82	-50.2363
2354.56	-55.5371
2357.3	-45.8584
2360.04	127.442
2362.77	-79.9141
2365.5	123.227
2368.23	89.7598
2370.95	78.4863
2373.67	-147.577
2376.38	-65.7686
2379.1	9.46094
2381.81	9.02148
2384.51	-26.1123
2387.22	0.21875
2389.92	-50.4756
2392.61	94.7754
2395.3	8.70313
2397.99	-3.4873
2400.68	73.1299
2403.36	23.6641
2406.04	25.207
2408.72	-14.1309
2411.39	-179.723
2414.06	23.4434
2416.73	-49.7988
2419.39	-15.1426
2422.05	50.2275
2424.71	-5.30859
2427.36	-13.2051
2430.01	-4.38965
2432.65	-42.752
2435.3	-30.7002
2437.94	16.3379
2440.57	92.0166
2443.21	122.204
2445.84	49.5342
2448.46	7.26074
2451.08	-39.8008
2453.7	-140.935
2456.32	-6.60547
2458.93	105.117
2461.54	83.8799
2464.15	91.3867
2466.75	-127.402
2469.35	-84.2129
2471.95	-39.8213
2474.54	-86.0986
2477.13	-87.7764
2479.71	-17.084
2482.3	38.0381
2484.87	-2.80078
2487.45	21.9854
2490.02	78.7744
2492.59	95.7539
2495.16	140.971
2497.72	76.8291
2500.28	-61.1904
2502.84	25.7188
2505.47	-6.49512
2508.2	-118.156
2510.92	-168.235
2513.65	109.685
2516.37	-25.9668
2519.08	92.5537
2521.79	47.1328
2524.5	-286.027
2527.21	-50.6963
2529.91	-19.5732
2532.61	-72.542
2535.31	-113.47
2538	155.024
2540.7	52.3867
2543.38	65.4531
2546.07	-113.451
2548.75	-130.844
2551.43	-45.4443
2554.1	0.925781
2556.78	115.972
2559.44	-21.0342
2562.11	49.3564
2564.77	91.0791
2567.43	-79.8604
2570.09	-49.4268
2572.74	-128.985
2575.39	-34.4443
2578.04	-11.3936
2580.68	-124.875
2583.32	80.5439
2585.96	119.806
2588.59	13.0566
2591.22	-57.1182
2593.85	12.0146
2596.48	140.979
2599.1	36.5205
2601.72	53.0098
2604.33	5.23633
2606.94	-44.1641
2609.55	-19.5557
2612.16	46.335
2614.76	94.4121
2617.36	-32.6211
2619.96	21.5869
2622.55	-75.4756
2625.14	12.6016
2627.73	-74.4209
2630.31	-27.6953
2632.89	26.6953
2635.47	0.509766
2638.05	-23.3262
2640.62	35.4199
2643.19	53.6455
2645.75	44.168
2648.31	32.9316
2650.87	2.81348
2653.43	-57.1592
2655.98	-102.757
2658.53	-69.1572
2661.07	8.2334
2663.62	28.374
2666.16	-12.8857
2668.69	-21.748
2671.23	32.457
2673.76	-33.5547
2676.28	82.1436
2678.81	159.46
2681.33	94.8887
2683.85	-105.722
2686.36	35.6787
2688.87	134.74
2691.38	173.56
2693.89	214.33
2696.39	160.582
2698.89	128.494
2701.38	156.059
2703.87	283.964
2706.36	243.587
2708.85	346.212
2711.33	296.688
2713.81	455.692
2716.29	292.379
2718.76	381.484
2721.23	414.224
2723.7	522.108
2726.16	451.528
2728.62	392.527
2731.08	364.776
2733.54	455.226
2735.99	338.138
2738.43	344.459
2740.88	328.63
2743.32	287.693
2745.76	279.655
2748.2	330.367
2750.63	358.651
2753.06	228.396
2755.48	115.613
2757.91	259.757
2760.33	155.252
2762.74	149.131
2765.16	213.637
2767.57	155.475
2769.97	161.873
2772.38	192.092
2774.78	136.799
2777.18	61.5098
2779.57	-0.419922
2781.96	37.832
2784.35	-4.91699
2786.73	-65.9248
2789.11	-16.041
2791.49	82.7109
2793.87	48.9639
2796.24	-84.6621
2798.61	12.1641
2800.98	-33.7207
2803.34	-10.3047
2805.7	55.0996
2808.06	58.9736
2810.41	46.6699
2812.76	105.767
2815.11	138.421
2817.45	100.679
2819.79	222.114
2822.13	233.281
2824.32	377.757
2826.83	416.522
2829.33	344.148
2831.84	541.954
2834.34	607.619
2836.84	981.614
2839.33	1052.69
2841.82	1867.79
2844.31	2134.98
2846.8	2368.66
2849.28	2526.39
2851.76	2530.12
2854.24	2574.91
2856.71	2674.12
2859.18	2637.52
2861.65	2697.79
2864.12	2781.8
2866.58	3083.76
2869.04	3605.74
2871.49	3807.24
2873.95	4057.66
2876.4	4205.53
2878.85	4640.13
2881.29	4893.99
2883.73	4597.17
2886.17	4093.15
2888.6	3765.93
2891.04	3820.2
2893.47	3818.19
2895.89	3779.97
2898.32	3748.72
2900.74	3846.46
2903.16	3953.79
2905.57	4085.11
2907.98	4160
2910.39	4301.58
2912.8	4466.63
2915.2	4674.96
2917.6	4988.05
2919.99	5174.61
2922.39	5218.96
2924.78	5625.64
2927.17	5729.4
2929.55	5869.85
2931.93	5941.64
2934.31	5913.03
2936.69	6041.2
2939.06	6059.47
2941.43	5741.52
2943.8	5318.83
2946.16	4941.68
2948.52	4535.54
2950.88	4183.36
2953.23	3950.28
2955.58	3671.61
2957.93	3753.15
2960.28	3546.22
2962.62	3412.88
2964.96	3395
2967.3	3221.01
2969.63	3037.69
2971.96	2954.62
2974.29	2831.37
2976.62	2555.71
2978.94	2472.05
2981.26	2490.61
2983.57	2292.86
2985.88	2087.16
2988.19	2068.63
2990.5	1745.35
2992.8	1550.89
2995.1	1626.71
2997.4	1396.15
2999.7	1254.92
3001.99	1078.05
3004.28	907.042
3006.56	793.942
3008.85	737.484
3011.13	720.023
3013.4	547.485
3015.68	429.956
3017.95	253.007
3020.22	225.107
3022.48	110.46
3024.74	36.3115
3027	156.815
3029.26	-60.6836
3031.51	78.499
3033.76	-110.487
3036.01	-11.3359
3038.25	-44.8633
3040.49	93.2393
3042.73	39.2031
3044.96	-42.2891
3047.2	4.01563
3049.43	93.4238
3051.65	109.956
3053.87	236.291
3056.09	340.805
3058.31	513.537
3060.52	416.425
3062.74	477.218
3064.94	443.439
3067.15	440.469
3069.35	322.702
3071.55	220.085
3073.74	245.613
3075.94	133.476
3078.13	60.793
3080.31	36.4961
3082.5	37.9043
3084.68	66.6465
3086.86	-94.751
3089.03	-7.91406
3091.2	-30.0654
3093.37	-1.31836
3095.54	32.9189
3097.7	-140.785
3099.86	-57.292
3102.02	-7.13379
3104.17	-141.396
3106.32	-112.864
3108.47	-49.3477
3110.61	-24.7539
3112.75	-23.75
3114.89	32.4844
3116.84	57.6191
3119.15	24.5811
3121.46	21.96
3123.76	12.0859
3126.07	49.5527
3128.37	49.7207
3130.66	57.5186
3132.96	70.2539
3135.25	23.1094
3137.54	-136.058
3139.83	-159.624
3142.11	-211.699
3144.39	-261.994
3146.67	-175.562
3148.95	-199.139
3149.19	-50.3906
