400.752	1477.53
402.56	1514.62
404.37	1520.82
406.179	1560.19
407.987	1569.09
409.796	1566.22
411.602	1607.58
413.409	1574.75
415.215	1592.09
417.021	1592.02
418.826	1617.43
420.632	1632.69
422.436	1604.66
424.24	1606.21
426.043	1639.36
427.847	1610.37
429.65	1568.09
431.452	1635.25
433.254	1616.89
435.055	1643.75
436.856	1628.25
438.655	1630.72
440.455	1617.9
442.255	1597.35
444.054	1611.86
445.851	1585.3
447.65	1627.02
449.447	1623.79
451.245	1591.16
453.041	1642.48
454.838	1599.83
456.633	1609.91
458.428	1608.21
460.224	1618.22
462.018	1651.61
463.812	1616.34
465.605	1674.78
467.398	1641.04
469.191	1700.97
470.983	1688.34
472.775	1673.59
474.565	1668.43
476.356	1684.52
478.147	1684.81
479.935	1719.84
481.725	1676.73
483.513	1643.12
485.302	1683.02
487.089	1674.47
488.878	1654.61
490.665	1617.83
492.451	1600.71
494.236	1616.46
496.021	1614.79
497.808	1599.51
499.593	1622.58
501.377	1590.27
503.159	1562.39
504.943	1588.85
506.726	1587.28
508.509	1544.01
510.291	1596.59
512.072	1558.88
513.853	1536.21
515.633	1597.81
517.414	1567.53
519.193	1535.73
520.973	1556.25
522.751	1556.04
524.529	1546.38
526.306	1557.91
528.083	1532.67
529.862	1526.54
531.638	1529.86
533.414	1527.1
535.188	1508.54
536.963	1512.95
538.738	1495.95
540.513	1498.37
542.287	1450.49
544.059	1505.4
545.832	1498.08
547.604	1478.74
549.377	1478.35
551.147	1469.75
552.919	1460.73
554.689	1478.36
556.458	1483.84
558.228	1428.98
559.996	1464.41
561.767	1449.68
563.535	1446.82
565.301	1421.66
567.068	1441.27
568.835	1417.53
570.602	1418.92
572.368	1406.86
574.132	1404.1
575.898	1372.48
577.663	1357.94
579.426	1370.11
581.191	1340.58
582.953	1364.45
584.715	1320.01
586.479	1383.89
588.24	1368.12
590.001	1356.34
591.762	1365.66
593.522	1325.87
595.282	1335.53
597.042	1326.21
598.801	1362.32
600.56	1310.98
602.318	1316.36
604.075	1315.89
605.832	1252.79
607.588	1307.21
609.345	1289.71
611.1	1249.61
612.857	1300.47
614.611	1286.98
616.367	1326.5
618.12	1375.54
619.873	1324.47
621.626	1309.59
623.378	1275.99
625.131	1318.22
626.882	1318.72
628.634	1271.57
630.385	1301.78
632.136	1280.49
633.884	1272.19
635.634	1295.9
637.384	1317.63
639.132	1301.59
640.881	1338.51
642.627	1316.92
644.374	1248.17
646.122	1264.21
647.868	1255.65
649.613	1237.68
651.358	1246.13
653.103	1245.31
654.847	1293.39
656.591	1255.15
658.335	1228.22
660.078	1270.72
661.822	1290.92
663.562	1262.72
665.305	1214.2
667.047	1261.39
668.786	1246.66
670.528	1271.11
672.267	1250.42
674.006	1280.39
675.746	1256.32
677.484	1232.72
679.222	1250.9
680.959	1228.06
682.696	1280.44
684.433	1245.78
686.169	1259.4
687.905	1238.35
689.641	1263.91
691.376	1257.33
693.109	1277.36
694.844	1265.83
696.577	1241.49
698.311	1269.91
700.042	1264.28
701.776	1295.89
703.507	1328.92
705.237	1339.03
706.97	1285.17
708.7	1340.16
710.43	1312.81
712.159	1339.99
713.888	1372.88
715.617	1370.2
717.345	1356.12
719.071	1360.48
720.799	1333.03
722.527	1346.73
724.252	1362.58
725.978	1373.12
727.703	1359.47
729.429	1352.92
731.153	1366.32
732.876	1384.94
734.601	1348.12
736.324	1367.49
738.047	1359.85
739.769	1397.16
741.491	1399.38
743.212	1403.09
744.933	1428.55
746.652	1440.86
748.372	1414.65
750.093	1424.27
751.81	1473.57
753.53	1434.58
755.247	1475.4
756.966	1471.42
758.683	1431.56
760.399	1452.49
762.117	1428.42
763.832	1473.01
765.547	1454.45
767.262	1458.39
768.977	1436.5
770.691	1407.31
772.405	1445.22
774.117	1485.09
775.83	1519.51
777.543	1511.21
779.254	1491.81
780.966	1500.36
782.676	1488.04
784.388	1508.84
786.097	1482.28
787.806	1483.26
789.517	1454.13
791.225	1482.91
792.933	1442.92
794.641	1464.73
796.348	1471.81
798.055	1519.81
799.762	1519.14
801.467	1506.83
803.173	1525.79
804.878	1576.13
806.582	1513.34
808.287	1554.64
809.99	1573.9
811.694	1578.43
813.397	1571.78
815.099	1587.09
816.8	1624.28
818.503	1626.23
820.204	1676.11
821.905	1683.75
823.605	1640.14
825.303	1674.03
827.003	1636.5
828.702	1678.12
830.401	1637.12
832.098	1696.82
833.796	1657.03
835.492	1675.48
837.19	1686.37
838.885	1664.55
840.58	1652.44
842.277	1765.19
843.971	1745.31
845.665	1766.03
847.359	1807.1
849.053	1771.6
850.746	1805.7
852.439	1748.34
854.129	1743.76
855.821	1703.75
857.513	1716
859.203	1716.55
860.894	1673.02
862.583	1683.02
864.272	1651.9
865.962	1680.16
867.65	1653.97
869.338	1653.02
871.025	1662.13
872.712	1635.39
874.399	1657.33
876.085	1618.92
877.772	1634.01
879.457	1651.73
881.143	1641.07
882.826	1632.68
884.511	1664.56
886.193	1674.36
887.878	1663.74
889.56	1665.52
891.241	1676.07
892.924	1675.45
894.605	1680.28
896.286	1614.16
897.966	1637.75
899.647	1654.38
901.326	1621.93
903.006	1622.25
904.685	1624.14
906.362	1656.78
908.04	1660.15
909.716	1612.65
911.394	1622.09
913.07	1633.72
914.747	1599.81
916.422	1658.82
918.096	1675.43
919.773	1638.76
921.447	1605.8
923.12	1642.66
924.794	1627.12
926.467	1623.03
928.138	1626.41
929.81	1666.25
931.482	1614
933.152	1618.15
934.823	1667.9
936.495	1612.98
938.164	1627.84
939.832	1576.74
941.502	1555.13
943.17	1524.52
944.838	1499.61
946.505	1511.67
948.172	1518.33
949.839	1552.61
951.506	1516.75
953.172	1534.15
954.836	1542.28
956.501	1485.96
958.166	1527.53
959.829	1491.36
961.494	1495.4
963.156	1482.16
964.818	1477.54
966.482	1509.4
968.143	1493.25
969.804	1525.32
971.465	1526.52
973.125	1507.8
974.786	1511.2
976.445	1479.34
978.105	1526.15
979.762	1477.02
981.421	1497.59
983.08	1514.54
984.736	1502.33
986.392	1495.74
988.05	1533.01
989.705	1546.28
991.36	1542.88
993.015	1574.04
994.672	1645.29
996.326	1791.34
997.98	1877.58
999.631	1920.59
1001.28	1838.54
1002.94	1734.93
1004.59	1547.73
1006.24	1558.74
1007.89	1513.3
1009.54	1555.15
1011.19	1498.82
1012.84	1489.88
1014.49	1479.26
1016.14	1516.11
1017.79	1478.5
1019.44	1446.48
1021.08	1449.2
1022.73	1503.07
1024.38	1538.68
1026.03	1548.55
1027.67	1543.56
1029.32	1576.75
1030.96	1531.39
1032.61	1519.21
1034.25	1502.01
1035.89	1509.11
1037.54	1522.06
1039.18	1502.03
1040.82	1505.58
1042.46	1525.29
1044.1	1452.59
1045.75	1484.63
1047.39	1485.43
1049.03	1477.16
1050.67	1513.3
1052.31	1497.77
1053.94	1489.51
1055.58	1540.26
1057.22	1565.03
1058.86	1584.07
1060.49	1573.18
1062.13	1606.25
1063.77	1568.51
1065.4	1606.34
1067.04	1592.53
1068.67	1538.61
1070.31	1599.88
1071.94	1661.6
1073.57	1623.45
1075.21	1660.45
1076.84	1724.22
1078.47	1698.38
1080.1	1686.89
1081.73	1699.4
1083.37	1671.79
1085	1655.74
1086.63	1652.96
1088.26	1637.58
1089.89	1629.73
1091.51	1640.32
1093.14	1586.7
1094.77	1554.92
1096.4	1594.24
1098.02	1541.52
1099.65	1532.5
1101.28	1529
1102.9	1467.45
1104.53	1492.22
1106.15	1470.02
1107.78	1466.31
1109.4	1462.6
1111.02	1440.51
1112.65	1464.01
1114.27	1478.56
1115.89	1473.3
1117.51	1491.97
1119.13	1481.53
1120.76	1509.28
1122.37	1523.98
1124	1437.98
1125.61	1413.87
1127.23	1386.22
1128.85	1382.65
1130.47	1335.78
1132.09	1300.22
1133.71	1266.61
1135.32	1263.99
1136.94	1253.83
1138.55	1215.93
1140.17	1252.91
1141.78	1218.3
1143.4	1205.55
1145.01	1209.18
1146.63	1240.19
1148.24	1188.75
1149.85	1245.43
1151.47	1227.17
1153.08	1240.23
1154.69	1218.64
1156.3	1230.12
1157.91	1153.52
1159.52	1199.58
1161.13	1190.3
1162.74	1142.19
1164.35	1218.45
1165.96	1223.04
1167.57	1176.38
1169.17	1235.88
1170.78	1207.63
1172.39	1172.02
1173.99	1154.48
1175.6	1129.41
1177.21	1153.33
1178.81	1137.21
1180.42	1123.14
1182.02	1132.97
1183.62	1161.19
1185.22	1124.37
1186.83	1132.84
1188.43	1153.87
1190.03	1122.38
1191.63	1150.52
1193.24	1158.87
1194.84	1176.37
1196.44	1213.83
1198.04	1222.5
1199.64	1276.24
1201.24	1274.04
1202.83	1316.8
1204.43	1318.02
1206.03	1288.63
1207.63	1300.7
1209.22	1278.8
1210.82	1264.38
1212.41	1264.68
1214.01	1222.06
1215.6	1273.2
1217.2	1284.82
1218.79	1298.25
1220.39	1353.16
1221.98	1429.79
1223.57	1405.33
1225.17	1362.67
1226.76	1428.31
1228.35	1444.99
1229.94	1472.48
1231.53	1472.94
1233.12	1504.45
1234.71	1512.79
1236.3	1508.69
1237.89	1479.15
1239.48	1532.83
1241.07	1515.29
1242.65	1566.41
1244.24	1580.99
1245.83	1539.3
1247.41	1586.92
1249	1547.57
1250.59	1581.1
1252.17	1589.11
1253.75	1615.04
1255.34	1605.96
1256.92	1603.74
1258.51	1597.56
1260.09	1622.14
1261.67	1624.78
1263.25	1614.68
1264.84	1600.97
1266.42	1596.42
1268	1564.8
1269.58	1582.3
1271.16	1592.7
1272.74	1554.26
1274.31	1524.85
1275.89	1553.23
1277.47	1516.15
1279.05	1504.05
1280.63	1601.76
1282.2	1579.91
1283.78	1592.27
1285.35	1574.2
1286.93	1662.59
1288.51	1654.29
1290.08	1709.17
1291.65	1690.57
1293.23	1799.32
1294.8	1771.63
1296.38	1815.65
1297.95	1845.38
1299.52	1782.03
1301.09	1808.21
1302.66	1816.35
1304.23	1756.37
1305.8	1732.28
1307.37	1733.6
1308.94	1676.59
1310.51	1709.66
1312.08	1592.95
1313.65	1628.48
1315.22	1626.31
1316.78	1638.26
1318.35	1553.16
1319.92	1568.72
1321.48	1568.46
1323.05	1519.95
1324.61	1559.89
1326.18	1504.2
1327.74	1531.31
1329.31	1540.15
1330.87	1519.93
1332.43	1543.32
1334	1538
1335.56	1511.16
1337.12	1498.99
1338.68	1506.89
1340.24	1489.2
1341.8	1451.34
1343.36	1400.67
1344.92	1397.81
1346.48	1360.2
1348.04	1329.8
1349.6	1326.69
1351.16	1315.57
1352.71	1285.19
1354.27	1267.14
1355.83	1241.33
1357.38	1243.3
1358.94	1251.09
1360.49	1259.25
1362.05	1271.47
1363.6	1203.95
1365.16	1236.6
1366.71	1255.94
1368.26	1218.96
1369.82	1192.64
1371.37	1169.66
1372.92	1202.17
1374.47	1195.46
1376.02	1186.83
1377.57	1178.15
1379.12	1187.93
1380.67	1158.84
1382.22	1140.88
1383.77	1174.6
1385.32	1169.54
1386.87	1226.94
1388.42	1195.8
1389.96	1215.81
1391.51	1178.7
1393.06	1218.25
1394.6	1219.34
1396.15	1229.7
1397.69	1203.99
1399.24	1225.84
1400.78	1198.98
1402.32	1208.5
1403.87	1187.27
1405.41	1182.22
1406.95	1162.54
1408.5	1169.81
1410.04	1180.64
1411.58	1195.19
1413.12	1190.28
1414.66	1158.86
1416.2	1236.99
1417.74	1234.75
1419.28	1191.45
1420.82	1242.92
1422.35	1265.65
1423.89	1313.28
1425.43	1334.07
1426.97	1440.67
1428.5	1504.67
1430.04	1624.42
1431.57	1707.22
1433.11	1776.26
1434.64	1915.41
1436.18	1943.87
1437.71	1941.76
1439.25	1959.11
1440.78	1997.77
1442.31	1991.54
1443.84	2037.43
1445.37	2009.94
1446.91	1961.09
1448.44	1998.75
1449.97	1881.84
1451.5	1894.74
1453.03	1879.03
1454.56	1814.64
1456.08	1824.28
1457.61	1782.93
1459.14	1673.9
1460.67	1709.32
1462.2	1642.68
1463.72	1532.21
1465.25	1476.14
1466.77	1372.87
1468.3	1320.37
1469.82	1304.02
1471.35	1211.21
1472.87	1196.41
1474.4	1118.14
1475.92	1110.84
1477.44	1107.31
1478.97	1083.79
1480.49	1092.73
1482.01	1059.56
1483.53	1011.59
1485.05	1016.02
1486.57	987.822
1488.09	972.357
1489.61	953.284
1491.13	971.968
1492.65	939.909
1494.17	923.862
1495.68	911.337
1497.2	909.691
1498.72	886.868
1500.24	864.435
1501.75	840.495
1503.27	852.301
1504.78	840.791
1506.3	869.991
1507.81	836.703
1509.33	838.859
1510.84	826.833
1512.35	866.185
1513.86	834.941
1515.38	847.979
1516.89	836.43
1518.4	863.663
1519.91	822.336
1521.42	810.959
1522.93	838.244
1524.44	842.813
1525.95	831.75
1527.46	866.293
1528.97	850.053
1530.47	849.42
1531.98	832.869
1533.49	847.619
1535	869.369
1536.5	847.853
1538.01	882.51
1539.51	900.262
1541.02	892.292
1542.53	882.763
1544.03	895.932
1545.53	921.263
1547.04	915.007
1548.54	943.639
1550.04	942.451
1551.54	935.959
1553.05	936.468
1554.55	901.931
1556.05	939.474
1557.55	914.022
1559.05	936.293
1560.55	950.055
1562.05	932.232
1563.54	937.358
1565.04	945.959
1566.54	942.032
1568.04	980.599
1569.54	962.24
1571.03	975.805
1572.53	976.851
1574.02	999.274
1575.52	1007.48
1577.02	1053.37
1578.51	1045.8
1580	1104.68
1581.5	1079.31
1582.99	1096.86
1584.48	1054.76
1585.98	1028.49
1587.47	1036.22
1588.96	993.386
1590.45	1031.72
1591.94	1039.55
1593.43	1016.84
1594.92	1032.13
1596.41	1043.79
1597.9	1067.97
1599.39	1108.18
1600.88	1101.01
1602.37	1086.32
1603.85	1105.85
1605.34	1134.3
1606.83	1113.78
1608.31	1122.04
1609.8	1099.39
1611.28	1121.7
1612.77	1133.1
1614.25	1167.95
1615.74	1177.69
1617.22	1113.85
1618.7	1136.22
1620.19	1120.72
1621.67	1124.76
1623.15	1157.28
1624.63	1150.43
1626.11	1172.29
1627.59	1171.14
1629.07	1212.96
1630.55	1222.85
1632.03	1200.81
1633.51	1251.69
1634.99	1288.17
1636.47	1269.34
1637.95	1337.27
1639.43	1366.04
1640.9	1442.77
1642.38	1438.51
1643.85	1567.59
1645.33	1598.22
1646.81	1668.26
1648.28	1759.77
1649.75	1831.71
1651.23	1823.55
1652.7	1900.2
1654.18	1854.24
1655.65	1779.99
1657.12	1729.2
1658.59	1677.21
1660.06	1645.36
1661.53	1530.21
1663.01	1523.75
1664.48	1458.21
1665.95	1411.83
1667.41	1413.3
1668.89	1396.48
1670.35	1370.44
1671.82	1324.57
1673.29	1312.87
1674.76	1288.76
1676.22	1266.61
1677.69	1203.14
1679.16	1190.08
1680.62	1180.6
1682.09	1133.12
1683.55	1090.97
1685.02	1052.39
1686.48	1050.02
1687.94	1020.33
1689.41	961.275
1690.87	983.515
1692.33	921.716
1693.79	897.822
1695.26	890.245
1696.72	882.828
1698.18	852.072
1699.64	839.731
1701.1	854.778
1702.56	789.713
1704.02	789.907
1705.48	766.164
1706.93	758.556
1708.39	750.784
1709.85	753.824
1711.31	749.537
1712.76	743.376
1714.22	737.127
1715.67	739.822
1717.13	733.391
1718.58	719.754
1720.04	724.262
1721.49	716.345
1722.95	735.633
1724.4	756.866
1725.85	760.162
1727.3	747.187
1728.76	742.971
1730.21	745.64
1731.66	783.823
1733.11	775.263
1734.56	761.379
1736.01	790.43
1737.46	800.128
1738.91	795.908
1740.36	822.095
1741.81	811.021
1743.25	799.786
1744.7	804.212
1746.15	797.725
1747.59	777.013
1749.04	777.648
1750.49	769.797
1751.93	725.371
1753.38	730.542
1754.82	691.798
1756.27	682.901
1757.71	680.884
1759.15	662.918
1760.6	639.685
1762.04	641.157
1763.48	639.255
1764.92	626.94
1766.36	621.724
1767.8	635.871
1769.24	627.236
1770.68	615.177
1772.12	641.931
1773.56	633.666
1775	613.158
1776.44	624.393
1777.88	605.61
1779.32	630.908
1780.75	626.111
1782.19	600.025
1783.63	639.447
1785.06	600.988
1786.5	619.328
1787.93	628.901
1789.37	613.624
1790.8	628.551
1792.23	623.831
1793.67	608.334
1795.1	605.297
1796.53	602.306
1797.97	635.176
1799.4	596.527
1800.83	607.989
1802.26	605.01
1803.69	601.865
1805.12	618.325
1806.55	580.746
1807.98	606.068
1809.41	609.878
1810.84	628.205
1812.26	628.663
1813.69	623.79
1815.12	611.69
1816.55	595.874
1817.97	597.958
1819.4	616.121
1820.83	632.276
1822.25	617.53
1823.68	595.421
1825.1	602.076
1826.52	601.466
1827.95	642.283
1829.37	605.85
1830.79	605.521
1832.22	614.224
1833.64	606.692
1835.06	593.603
1836.48	576.727
1837.9	568.672
1839.32	617.742
1840.74	595.473
1842.16	582.373
1843.58	608.641
1845	594.062
1846.42	572.358
1847.83	577.203
1849.25	615.097
1850.67	596.152
1852.09	594.674
1853.5	612.479
1854.92	593.599
1856.33	604.953
1857.75	600.218
1859.16	603.786
1860.58	620.626
1861.99	583.388
1863.4	608.398
1864.82	602.088
1866.23	591.309
1867.64	576.049
1869.05	602.907
1870.46	608.538
1871.88	597.699
1873.29	604.796
1874.69	595.614
1876.11	599.42
1877.51	593.913
1878.92	572.095
1880.33	624.898
1881.74	595.408
1883.15	578.52
1884.56	581.469
1885.96	585.021
1887.37	575.687
1888.77	613.184
1890.18	602.289
1891.58	593.397
1892.99	563.564
1894.39	593.573
1895.8	601.846
1897.2	577.33
1898.61	583.099
1900.01	605.823
1901.41	603.251
1902.81	589.373
1904.21	588.428
1905.61	604.382
1907.02	595.905
1908.42	591.817
1909.82	592.432
1911.22	586.752
1912.61	588.631
1914.01	570.304
1915.41	584.332
1916.81	585.141
1918.21	619.928
1919.6	601.566
1921	602.651
1922.4	595.976
1923.79	610.235
1925.19	593.764
1926.58	604.384
1927.98	598.858
1929.37	602.816
1930.76	601.95
1932.16	601.233
1933.55	605.241
1934.94	608.886
1936.34	614.702
1937.73	621.671
1939.12	594.828
1940.51	602.094
1941.9	606.808
1943.29	597.128
1944.68	595.989
1946.07	600.194
1947.46	600.079
1948.85	592.83
1950.24	606.177
1951.62	601.34
1953.01	603.664
1954.4	598.533
1955.78	617.687
1957.17	620.015
1958.56	598.173
1959.94	598.241
1961.33	610.168
1962.71	608.389
1964.1	612.788
1965.48	604.32
1966.86	617.897
1968.25	607.137
1969.63	614.887
1971.01	591.535
1972.39	615.711
1973.77	623.372
1975.15	608.128
1976.53	598.171
1977.91	597.57
1979.29	609.371
1980.67	588.264
1982.05	589.303
1983.43	609.395
1984.81	611.802
1986.19	601.738
1987.56	601.05
1988.94	588.938
1990.32	582.665
1991.69	590.986
1993.07	585.68
1994.44	583.894
1995.43	587.275
1996.86	587.484
1998.29	601.415
1999.72	627.356
2001.15	593.491
2002.58	576.75
2004.02	640.568
2005.45	593.181
2006.88	607.584
2008.31	575.67
2009.73	581.493
2011.16	595.839
2012.59	591.141
2014.02	605.363
2015.45	602.421
2016.88	608.299
2018.3	600.58
2019.73	603.416
2021.16	594.158
2022.58	593.496
2024.01	624.087
2025.44	616.282
2026.86	591.012
2028.29	572.819
2029.71	612.665
2031.13	645.768
2032.56	594.328
2033.98	620.245
2035.4	603.552
2036.83	600.857
2038.25	607.063
2039.67	616.995
2041.09	618.214
2042.51	605.189
2043.93	597.337
2045.35	619.641
2046.78	618.432
2048.2	600.959
2049.61	624.821
2051.03	600.383
2052.45	613.822
2053.87	636.275
2055.29	651.308
2056.71	638.893
2058.12	618.906
2059.54	629.425
2060.96	645.408
2062.37	614.752
2063.79	620.419
2065.2	619.039
2066.62	630.286
2068.03	644.957
2069.45	626.782
2070.86	642.544
2072.28	643.499
2073.69	635.211
2075.1	630.435
2076.52	613.148
2077.93	630.056
2079.34	648.885
2080.75	623.193
2082.16	631.529
2083.57	618.44
2084.98	681.82
2086.39	650.656
2087.8	681.563
2089.21	650.242
2090.62	673.792
2092.03	646.013
2093.44	674.673
2094.85	650.461
2096.26	679.021
2097.66	674.309
2099.07	645.305
2100.48	672.44
2101.88	683.925
2103.29	695.395
2104.7	680.653
2106.1	671.082
2107.51	677.155
2108.91	711.056
2110.31	699.986
2111.72	702.896
2113.12	726.563
2114.52	712.061
2115.93	690.549
2117.33	705.233
2118.73	709.611
2120.13	729.636
2121.54	739.526
2122.94	746.147
2124.34	797.562
2125.74	759.652
2127.14	790.554
2128.54	787.191
2129.94	830.407
2131.34	806.761
2132.73	826.28
2134.13	794.244
2135.53	843.225
2136.93	862.924
2138.33	837.697
2139.72	838.326
2141.12	840.685
2142.51	810.185
2143.91	835.118
2145.3	841.057
2146.7	824.494
2148.1	830.569
2149.49	829.828
2150.88	850.138
2152.28	830.49
2153.67	821.266
2155.06	820.633
2156.46	788.249
2157.85	830.979
2159.24	840.339
2160.63	848.017
2162.02	829.545
2163.41	851.736
2164.8	861.824
2166.19	820.81
2167.58	859.193
2168.97	832.126
2170.36	849.284
2171.75	829.21
2173.14	816.177
2174.53	858.212
2175.92	864.502
2177.3	840.22
2178.69	851.366
2180.08	835.558
2181.46	857.122
2182.85	819.666
2184.23	816.054
2185.62	794.524
2187	801.552
2188.39	790.78
2189.77	785.457
2191.16	794.487
2192.54	817.799
2193.92	807.078
2195.31	789.026
2196.69	817.146
2198.07	762.987
2199.45	756.823
2200.83	780.788
2202.21	746.052
2203.59	759.394
2204.98	735.663
2206.36	733.43
2207.74	741.975
2209.11	725.77
2210.49	744.895
2211.87	719.654
2213.25	729.648
2214.63	700.693
2216	689.364
2217.38	714.988
2218.76	731.683
2220.14	704.308
2221.51	727.746
2222.89	709.033
2224.26	688.629
2225.64	684.047
2227.01	686.527
2228.39	694.297
2229.76	695.139
2231.13	685.559
2232.51	698.498
2233.88	695.795
2235.25	672.389
2236.63	659.504
2238	693.358
2239.37	656.624
2240.74	678.56
2242.11	645.376
2243.48	675.807
2244.85	664.895
2246.22	669.441
2247.59	641.431
2248.96	639.235
2250.33	618.258
2251.7	664.083
2253.06	658.54
2254.43	622.233
2255.8	635.543
2257.17	638.67
2258.53	641.922
2259.9	619.72
2261.27	624.973
2262.63	650.81
2264	637.37
2265.36	654.622
2266.73	598.278
2268.09	605.102
2269.45	627.286
2270.82	632.415
2272.18	623.947
2273.54	629.243
2274.91	622.647
2276.27	610.974
2277.63	611.328
2278.99	599.737
2280.35	613.891
2281.71	602.345
2283.07	637.143
2284.43	630.717
2285.79	608.776
2287.15	598.846
2288.51	599.261
2289.87	620.412
2291.23	607.157
2292.59	624.985
2293.94	616.919
2295.3	620.916
2296.66	628.352
2298.01	613.273
2299.37	594.717
2300.73	616.061
2302.08	594.024
2303.44	608.443
2304.79	614.171
2306.15	616.424
2307.5	603.008
2308.86	598.303
2310.21	584.844
2311.56	627.211
2312.91	599.6
2314.27	606.821
2315.62	605.207
2316.97	591.304
2318.32	619.392
2319.67	598.512
2321.02	626.654
2322.37	612.793
2323.72	628.707
2325.07	620.143
2326.42	613.401
2327.77	613.758
2329.12	621.19
2330.47	602.275
2331.82	611.357
2333.16	616.81
2334.51	611.63
2335.86	634.553
2337.2	622.364
2338.55	615.497
2339.89	636.784
2341.24	603.492
2342.59	587.694
2343.93	603.459
2345.27	587.46
2346.62	592.511
2347.96	627.42
2349.31	604.371
2350.65	623.589
2351.99	604.29
2353.33	607.945
2354.67	587.057
2356.02	611.855
2357.36	606.694
2358.7	590.884
2360.04	560.935
2361.38	588.98
2362.72	604.716
2364.06	594.108
2365.4	601.111
2366.74	599.349
2368.07	620.436
2369.41	578.208
2370.75	597.415
2372.09	607.742
2373.43	621.534
2374.76	633.615
2376.1	596.7
2377.43	609.098
2378.77	582.989
2380.1	593.761
2381.44	615.016
2382.78	608.087
2384.11	611.699
2385.44	617.149
2386.78	605.111
2388.11	607.176
2389.44	603.888
2390.78	598.674
2392.11	600.317
2393.44	612.385
2394.77	582.183
2396.1	603.026
2397.43	588.784
2398.76	602.757
2400.09	608.027
2401.42	613.352
2402.75	620.438
2404.08	609.878
2405.41	623.791
2406.74	597.153
2408.07	624.863
2409.39	596.402
2410.72	611.876
2412.05	646.719
2413.38	616.786
2414.7	639.436
2416.03	637.529
2417.35	628.589
2418.68	630.153
2420	619.484
2421.33	605.336
2422.65	633.179
2423.98	619.053
2425.3	638.195
2426.62	596.205
2427.95	594.462
2429.27	636.374
2430.59	602.947
2431.91	625.209
2433.24	624.533
2434.56	628.982
2435.88	621.283
2437.2	629.405
2438.52	615.124
2439.84	625.323
2441.16	597.365
2442.48	631.848
2443.79	627.942
2445.11	597.787
2446.43	614.176
2447.75	642.453
2449.07	615.515
2450.38	606.144
2451.7	614.389
2453.02	610.945
2454.33	635.233
2455.65	613.013
2456.96	618.165
2458.28	600.762
2459.59	622.895
2460.91	612.421
2462.22	624.478
2463.53	647.001
2464.85	605.876
2466.16	592.19
2467.47	624.808
2468.78	615.918
2470.1	582.793
2471.41	625.241
2472.72	626.479
2474.03	619.308
2475.34	596.946
2476.65	626.292
2477.96	628.352
2479.27	639.01
2480.58	616.872
2481.89	623.7
2483.2	582.223
2484.5	609.379
2485.81	590.29
2487.12	617.774
2488.43	606.058
2489.73	613.409
2491.04	610.488
2492.35	595.415
2493.65	588.775
2494.96	588.89
2496.26	637.173
2497.57	611.444
2498.87	585.788
2500.17	622.247
2501.48	594.986
2502.78	617.751
2504.08	571.472
2505.39	604.591
2506.69	611.806
2507.99	617.284
2509.29	617.561
2510.59	619.56
2511.89	611.193
2513.19	623.665
2514.49	611.971
2515.79	610.736
2517.09	619.916
2518.39	615.118
2519.69	608.43
2520.99	615.525
2522.29	613.894
2523.59	636.694
2524.88	619.619
2526.18	618.291
2527.48	615.211
2528.77	624.229
2530.07	584.287
2531.37	622.761
2532.66	605.444
2533.96	635.331
2535.25	630.382
2536.54	616.65
2537.84	637.689
2539.13	630.548
2540.43	609.256
2541.72	601.87
2543.01	617.202
2544.3	609.984
2545.59	648.202
2546.89	627.267
2548.18	639.494
2549.47	639.557
2550.76	625.701
2552.05	639.734
2553.34	627.569
2554.63	664.082
2555.92	635.918
2557.21	616.305
2558.5	629.66
2559.78	639.519
2561.07	623.427
2562.36	647.445
2563.65	635.154
2564.93	640.288
2566.22	654.063
2567.51	629.564
2568.79	658.688
2570.08	627.023
2571.36	642.059
2572.65	638.017
2573.93	654.723
2575.22	630.016
2576.5	638.184
2577.78	682.623
2579.07	678.871
2580.35	661.436
2581.63	680.247
2582.91	652.594
2584.19	673.14
2585.47	645.422
2586.76	670.951
2588.04	675.706
2589.32	661.468
2590.6	662.705
2591.88	652.002
2593.16	665.424
2594.43	661.794
2595.71	659.956
2596.99	666.729
2598.27	649.528
2599.55	676.897
2600.83	663.138
2602.1	683.627
2603.38	671.506
2604.65	679.863
2605.93	652.198
2607.2	684.434
2608.48	709.87
2609.76	678.983
2611.03	677.3
2612.3	673.971
2613.58	706.543
2614.85	663.743
2616.12	682.415
2617.4	671.955
2618.67	671.807
2619.94	683.782
2621.21	685.727
2622.49	681.051
2623.76	691.929
2625.03	704.566
2626.3	672.515
2627.57	722.627
2628.84	710.759
2630.11	697.034
2631.38	690.157
2632.64	729.717
2633.91	705.867
2635.18	699.262
2636.45	708.124
2637.72	680.839
2638.98	675.857
2640.25	705.295
2641.52	714.183
2642.78	707.68
2644.05	716.739
2645.31	703.396
2646.58	686.526
2647.84	683.346
2649.11	697.3
2650.37	692.132
2651.64	698.906
2652.9	722.815
2654.16	698.375
2655.42	720.542
2656.69	703.198
2657.95	727.414
2659.21	729.406
2660.47	729.775
2661.73	730.12
2662.99	730.323
2664.25	744.128
2665.51	704.221
2666.77	738.428
2668.03	726.067
2669.29	705.225
2670.55	758.701
2671.81	745.065
2673.06	760.781
2674.32	759.16
2675.58	745.282
2676.84	748.446
2678.09	754.867
2679.35	754.273
2680.6	774.306
2681.86	765.157
2683.12	752.73
2684.37	733.605
2685.62	762.704
2686.88	772.934
2688.13	776.223
2689.39	765.63
2690.64	772.035
2691.89	785.152
2693.14	789.632
2694.4	792.446
2695.65	773.161
2696.9	783.137
2698.15	794.966
2699.4	817.107
2700.65	813.547
2701.9	816.681
2703.15	831.61
2704.4	848.132
2705.65	847.602
2706.9	860.832
2708.15	862.219
2709.4	827.803
2710.64	895.459
2711.89	900.018
2713.14	879.084
2714.38	914.388
2715.63	907.362
2716.88	920.842
2718.12	941.094
2719.37	927.228
2720.61	952.231
2721.86	953.345
2723.1	964.655
2724.34	962.54
2725.59	952.132
2726.83	941.852
2728.08	953.641
2729.32	950.195
2730.56	953.565
2731.8	946.873
2733.04	916.589
2734.28	893.14
2735.53	910.311
2736.77	898.472
2738.01	884.668
2739.25	877.417
2740.49	912.415
2741.73	857.842
2742.96	835.771
2744.2	849.637
2745.44	814.75
2746.68	818.968
2747.92	858.798
2749.15	862.817
2750.39	830.892
2751.63	815.75
2752.86	814.134
2754.1	831.255
2755.34	819.56
2756.57	802.808
2757.8	813.257
2759.04	779.411
2760.27	818.687
2761.51	805.186
2762.74	825.755
2763.97	808.911
2765.21	815.937
2766.44	855.342
2767.67	831.678
2768.9	796.024
2770.14	785.881
2771.37	796.15
2772.6	804.684
2773.83	811.501
2775.06	828.559
2776.29	811.56
2777.52	818.488
2778.75	781.138
2779.97	820.58
2781.2	807.147
2782.43	817.557
2783.66	814.231
2784.89	843.246
2786.11	812.448
2787.34	851.601
2788.57	820.784
2789.79	822.406
2791.02	835.984
2792.25	834.226
2793.47	829.099
2794.7	868.4
2795.92	849.765
2797.14	870.4
2798.37	861.966
2799.59	877.303
2800.81	878.852
2802.04	875.207
2803.26	897.158
2804.48	871.411
2805.7	912.198
2806.92	935.863
2808.15	952.53
2809.37	950.234
2810.59	935.875
2811.81	945.329
2813.03	971.912
2814.25	995.347
2815.47	986.804
2816.68	1041.32
2817.9	1005.86
2819.12	1056.96
2820.34	1072.18
2821.56	1080.44
2822.77	1154.88
2823.99	1188.64
2825.21	1129.13
2826.42	1239.4
2827.64	1313.87
2828.85	1332.08
2830.07	1455.2
2831.28	1476.32
2832.5	1558.36
2833.71	1628.59
2834.93	1768.43
2836.14	1915.34
2837.35	2044
2838.57	2320.19
2839.78	2561.02
2840.99	2872.92
2842.2	3242.19
2843.41	3546.87
2844.62	3939.33
2845.84	4257.14
2847.05	4542.68
2848.26	4675.82
2849.47	4747.99
2850.67	4728.74
2851.88	4709.5
2853.09	4583.73
2854.3	4617.03
2855.51	4461.09
2856.72	4422.18
2857.92	4422.81
2859.13	4338.04
2860.34	4306.59
2861.54	4253.71
2862.75	4319.49
2863.96	4379.71
2865.16	4455.98
2866.37	4531.31
2867.57	4670.58
2868.77	4741.98
2869.98	4898.76
2871.18	4849.19
2872.39	4840.94
2873.59	4933.24
2874.79	5040.86
2875.99	5037.73
2877.2	5063.26
2878.4	5002.07
2879.6	5072.44
2880.8	5133.54
2882	5176.76
2883.2	5232.15
2884.4	5252.66
2885.6	5276.76
2886.8	5324.89
2888	5356.85
2889.2	5362.01
2890.4	5445.69
2891.6	5461.37
2892.79	5500.77
2893.99	5525.09
2895.19	5512.56
2896.39	5567.1
2897.58	5584.03
2898.78	5627.31
2899.97	5685.63
2901.17	5677.37
2902.36	5663.15
2903.56	5735.89
2904.75	5764.86
2905.95	5819.75
2907.14	5834.32
2908.33	5828.57
2909.53	5941.84
2910.72	6002.77
2911.91	6046.76
2913.1	6084.85
2914.3	6204.8
2915.49	6380.18
2916.68	6334.63
2917.87	6316.85
2919.06	6414.38
2920.25	6500.27
2921.44	6666.31
2922.63	6602.29
2923.82	6793.08
2925.01	6754.65
2926.2	6752.79
2927.38	6776.56
2928.57	6787.53
2929.76	6831.51
2930.95	6810.9
2932.13	6793.19
2933.32	6782.68
2934.51	6739
2935.69	6588.78
2936.88	6432.19
2938.06	6338.37
2939.25	6196.24
2940.43	5871.66
2941.62	5719.54
2942.8	5552.86
2943.98	5354.57
2945.17	5185.46
2946.35	5121.39
2947.53	4954.73
2948.71	4833.1
2949.9	4732.87
2951.08	4622.18
2952.26	4604.56
2953.44	4481.08
2954.62	4424.42
2955.8	4417.88
2956.98	4261.08
2958.16	4229.92
2959.34	4162.16
2960.52	4161.41
2961.7	4137.79
2962.87	4045.66
2964.05	3952.63
2965.23	3819.13
2966.41	3739.89
2967.58	3733.68
2968.76	3636.44
2969.94	3588.44
2971.11	3493.78
2972.29	3435.67
2973.46	3347.06
2974.64	3273.21
2975.81	3249.4
2976.99	3165.66
2978.16	3053.9
2979.33	3054.15
2980.51	2914.79
2981.68	2955.6
2982.85	2933.34
2984.02	2829.58
2985.2	2788.96
2986.37	2741.43
2987.54	2683.64
2988.71	2620.74
2989.88	2599.48
2991.05	2552.02
2992.22	2520.06
2993.39	2480.37
2994.56	2474.33
2995.73	2398.71
2996.9	2367.84
2998.07	2371.53
2999.23	2366.46
3000.4	2357.62
3001.57	2291.98
3002.74	2309.27
3003.9	2306.78
3005.07	2279.75
3006.24	2286.4
3007.4	2197.32
3008.57	2183.29
3009.73	2112.96
3010.9	2077.42
3012.06	2058.22
3013.22	1997.08
3014.39	1948.86
3015.55	1933.65
3016.71	1855.27
3017.88	1832.07
3019.04	1829.39
3020.2	1775.83
3021.36	1749.39
3022.52	1719.76
3023.69	1733.21
3024.85	1715.96
3026.01	1708
3027.17	1717.88
3028.33	1700.09
3029.49	1639.19
3030.65	1683.03
3031.8	1694.44
3032.96	1738.23
3034.12	1715.13
3035.28	1740.81
3036.44	1729.72
3037.59	1770.42
3038.75	1767.49
3039.91	1772
3041.06	1791.4
3042.22	1767.43
3043.37	1822.51
3044.53	1811.74
3045.68	1830.43
3046.84	1838.7
3047.99	1879.56
3049.15	1876.57
3050.3	1921.29
3051.45	1951.65
3052.6	1973.29
3053.76	2045.74
3054.91	2036.81
3056.06	2072.93
3057.21	2092.47
3058.36	2111.12
3059.52	2116.27
3060.67	2143.51
3061.82	2142.85
3062.97	2169.01
3064.12	2103.54
3065.27	2098.44
3066.41	2084.21
3067.56	2090.64
3068.71	2112.07
3069.86	2095.37
3071.01	2111.87
3072.15	2055.4
3073.3	2044.71
3074.45	2025.16
3075.59	2060.39
3076.74	2069.15
3077.89	2065.8
3079.03	2049.32
3080.18	2053.11
3081.32	2066.65
3082.46	2095.92
3083.61	2110.05
3084.75	2121
3085.9	2121.45
3087.04	2109.71
3088.18	2142.28
3089.33	2140.76
3090.47	2134.26
3091.61	2195.48
3092.75	2204.92
3093.89	2231.99
3095.03	2239.18
3096.17	2221.55
3097.31	2286.04
3098.45	2280.3
3099.59	2314.69
3100.73	2333.63
3101.87	2325.84
3103.01	2354.83
3104.15	2346.84
3105.28	2367.83
3106.42	2412.01
3107.56	2452.68
3108.69	2457.3
3109.83	2468.48
3110.97	2511.66
3112.1	2522.84
3113.24	2532.2
3114.37	2555.34
3115.51	2591.19
3116.64	2613.71
3117.78	2648.28
3118.91	2635.24
3120.05	2667.1
3121.18	2713.32
3122.31	2734.28
3123.45	2728.13
3124.58	2736.77
3125.71	2774.64
3126.84	2822.02
3127.97	2829.45
3129.1	2805.82
3130.23	2882.08
3131.36	2892.41
3132.49	2892
3133.62	2903.11
3134.75	3001.05
3135.88	3018.69
3137.01	3020.39
3138.14	3066.76
3139.27	3108.72
3140.4	3089.54
3141.52	3097.1
3142.65	3128.41
3143.78	3148.21
3144.9	3190.58
3146.03	3208.14
3147.16	3216.27
3148.28	3263.4
3149.02	3280.27
3150.2	3300.9
3151.38	3388.42
3152.56	3310.73
3153.74	3378.01
3154.92	3443.77
3156.1	3421.88
3157.29	3482.15
3158.47	3508.34
3159.65	3540.69
3160.83	3569.96
3162	3529.71
3163.18	3590.23
3164.36	3602.73
3165.54	3632.24
3166.72	3727.3
3167.9	3738.25
3169.08	3759.49
3170.25	3785.98
3171.43	3798.46
3172.61	3789.48
3173.78	3826.71
3174.96	3884.33
3176.14	3900.25
3177.31	3936.3
3178.49	3935.02
3179.66	3932.18
3180.84	4051.87
3182.01	4053.88
3183.19	4065.61
3184.36	4036.48
3185.53	4100.79
3186.71	4079.09
3187.88	4149.7
3189.05	4165.17
3190.22	4165.58
3191.4	4174.66
3192.57	4278.76
3193.74	4242.34
3194.91	4331.45
3196.08	4277.14
3197.25	4338.41
3198.42	4317.33
3199.59	4414.38
3200.77	4409.82
3201.93	4381.88
3203.1	4425.7
3204.27	4440.5
3205.44	4544.3
3206.61	4584.77
3207.78	4526.75
3208.95	4492.15
3210.11	4501.93
3211.28	4549.83
3212.45	4520.54
3213.62	4584.73
3214.78	4654.62
3215.95	4634.07
3217.11	4659.96
3218.28	4674.93
3219.45	4660.82
3220.61	4623.9
3221.78	4709.13
3222.94	4710.68
3224.1	4695.32
3225.27	4721.96
3226.43	4717.51
3227.6	4770.34
3228.76	4769.68
3229.92	4734.92
3231.08	4695.12
3232.25	4756.04
3233.41	4785.75
3234.57	4815.45
3235.73	4832.37
3236.89	4874.12
3238.05	4877.3
3239.21	4881.03
3240.38	4890.23
3241.54	4862.49
3242.7	4838.21
3243.85	4883.73
3245.01	4941.5
3246.17	4874.22
3247.33	4954.27
3248.49	4903.46
3249.65	4914.81
3250.81	4869.95
3251.96	5008.37
3253.12	4938.98
3254.28	4949.41
3255.43	4944.66
3256.59	4961.94
3257.75	4965.59
3258.9	4957.73
3260.06	4973.13
3261.21	5012.16
3262.37	4988.46
3263.52	5028.35
3264.68	5057.73
3265.83	4981.59
3266.98	5053.91
3268.14	5028.16
3269.29	5056.81
3270.44	5030.12
3271.6	5074.9
3272.75	5021.53
3273.9	5095
3275.05	5061.99
3276.2	5092.8
3277.36	5102.7
3278.51	5166.59
3279.66	5071.81
3280.81	5116.06
3281.96	5135.87
3283.11	5102.92
3284.26	5103.74
3285.41	5146.55
3286.56	5145.07
3287.7	5145.4
3288.85	5193.65
3290	5161.49
3291.15	5202.78
3292.3	5201.43
3293.44	5198.46
3294.59	5173.38
3295.74	5152.41
3296.88	5184.19
3298.03	5155.67
3299.18	5186
3300.32	5182.45
3301.47	5249.23
3302.61	5193.51
3303.76	5183.3
3304.9	5175.47
3306.04	5156.21
3307.19	5238.97
3308.33	5214.38
3309.48	5127.75
3310.62	5156.36
3311.76	5231.04
3312.9	5243.76
3314.05	5200.28
3315.19	5257.52
3316.33	5211.29
3317.47	5315.86
3318.61	5220.68
3319.75	5236.47
3320.89	5252.06
3322.03	5196.04
3323.17	5259.38
3324.31	5259.56
3325.45	5185.67
3326.59	5289.23
3327.73	5309.59
3328.87	5227.75
3330.01	5219.41
3331.14	5281.74
3332.28	5206.29
3333.42	5224.5
3334.56	5265.7
3335.69	5236.66
3336.83	5316.87
3337.97	5342.39
3339.1	5266.58
3340.24	5380.02
3341.37	5296.33
3342.51	5357.68
3343.64	5362.08
3344.78	5346.16
3345.91	5367.04
3347.05	5377.24
3348.18	5329.52
3349.31	5430.95
3350.45	5329.13
3351.58	5447.16
3352.71	5319.76
3353.84	5469.99
3354.98	5414.09
3356.11	5465.45
3357.24	5442.04
3358.37	5349.17
3359.5	5423.62
3360.63	5377.44
3361.76	5485.13
3362.89	5453.18
3364.02	5425.5
3365.15	5459.36
3366.28	5422.64
3367.41	5480.68
3368.54	5512.74
3369.67	5468.01
3370.79	5521.86
3371.92	5563.23
3373.05	5549.1
3374.18	5549.14
3375.3	5543.15
3376.43	5624.38
3377.56	5486.73
3378.68	5538.68
3379.81	5544.53
3380.93	5523.4
3382.06	5587.3
3383.18	5650.94
3384.31	5572.76
3385.43	5569.11
3386.56	5548.72
3387.68	5601.78
3388.8	5595.18
3389.93	5557.78
3391.05	5589.06
3392.17	5561.25
3393.29	5583.69
3394.42	5610.21
3395.54	5619.88
3396.66	5637.72
3397.78	5591.06
3398.9	5609.21
3400.02	5594.79
3401.14	5597.96
3402.26	5640.11
3403.38	5592.06
3404.5	5650.34
3405.62	5627.38
3406.74	5599.14
3407.86	5603.32
3408.98	5641.07
3410.1	5662.89
3411.21	5635.92
3412.33	5661.78
3413.45	5618.68
3414.57	5588.65
3415.68	5638.58
3416.8	5630.76
3417.92	5632.74
3419.03	5618.1
3420.15	5549.71
3421.26	5579.12
3422.38	5551.98
3423.49	5637.69
3424.61	5552.87
3425.72	5495.44
3426.84	5578.57
3427.95	5574.49
3429.06	5519.71
3430.18	5514.26
3431.29	5498.91
3432.4	5546.67
3433.51	5498.43
3434.63	5567.59
3435.74	5482.58
3436.85	5442.49
3437.96	5479.2
3439.07	5418.04
3440.18	5443.11
3441.29	5363.65
3442.4	5427.13
3443.51	5419.04
3444.62	5447.37
3445.73	5318.59
3446.84	5382.2
3447.95	5338.22
3449.05	5367.49
3450.16	5321.91
3451.27	5358.23
3452.38	5311.02
3453.48	5201.18
3454.59	5251.5
3455.7	5213.44
3456.81	5176.05
3457.91	5249.95
3459.02	5236.2
3460.12	5143.81
3461.23	5153.55
3462.33	5098.33
3463.44	5085.45
3464.54	5120.59
3465.65	5033.04
3466.75	5056.33
3467.85	4997.61
3468.96	5014.23
3470.06	5015.15
3471.16	4986.02
3472.26	4981.22
3473.37	4972.62
3474.47	4930.27
3475.57	4920.91
3476.67	4874.85
3477.77	4880.02
3478.87	4775.35
3479.97	4796.07
3481.07	4711.93
3482.17	4776.27
3483.27	4762.55
3484.37	4715.87
3485.47	4686.74
3486.57	4606.99
3487.67	4682.63
3488.77	4570.63
3489.86	4545.41
3490.96	4596.13
3492.06	4565.16
3493.16	4574.65
3494.25	4552.25
3495.35	4484.45
3496.45	4496.9
3497.54	4481.08
3498.64	4429.46
3499.73	4404.96
3500.83	4416.12
3501.92	4314.68
3503.02	4382.99
3504.11	4304.65
3505.21	4234.29
3506.3	4267.87
3507.39	4215.42
3508.49	4158.5
3509.58	4128.89
3510.67	4161.35
3511.76	4101.6
3512.86	4072.7
3513.95	4065.29
3515.04	3963.01
3516.13	4041.86
3517.22	3996.3
3518.31	3986.37
3519.4	3991.01
3520.49	3886.9
3521.58	3904.58
3522.67	3890.72
3523.76	3912.64
3524.85	3870.83
3525.94	3828.75
3527.03	3782.68
3528.11	3769.33
3529.2	3740.97
3530.29	3735.06
3531.38	3713.66
3532.46	3696.05
3533.55	3589.08
3534.64	3629.27
3535.72	3597.14
3536.81	3579.21
3537.89	3598.08
3538.98	3565.79
3540.06	3503.05
3541.15	3489.63
3542.23	3514.14
3543.32	3463
3544.4	3430.8
3545.48	3464.09
3546.57	3422.58
3547.65	3324.2
3548.73	3351.02
3549.82	3293.98
3550.9	3350.78
3551.98	3310.3
3553.06	3285.35
3554.14	3224.42
3555.22	3250.35
3556.31	3133.44
3557.39	3178.89
3558.47	3109.61
3559.55	3131.58
3560.63	3090.45
3561.71	3140.57
3562.78	3116.17
3563.86	3008.98
3564.94	3082.71
3566.02	3044.61
3567.1	3006.21
3568.18	2945.61
3569.25	3012.31
3570.33	2944.66
3571.41	2944.05
3572.48	2891.27
3573.56	2885.89
3574.64	2827.95
3575.71	2853.72
3576.79	2836.67
3577.86	2775.34
3578.94	2793.19
3580.01	2779.44
3581.09	2749.98
3582.16	2766.5
3583.23	2723.17
3584.31	2692.67
3585.38	2656
3586.45	2647.82
3587.53	2642.78
3588.6	2620.28
3589.67	2605.51
3590.74	2633.14
3591.81	2573.84
3592.89	2541.37
3593.96	2494.97
3595.03	2508.87
3596.1	2490.07
3597.17	2457.23
3598.24	2452.61
3599.31	2452.39
3600.38	2434.64
3601.45	2401.32
3602.52	2401.67
3603.58	2297.03
3604.65	2356.6
3605.72	2333.83
3606.79	2316.54
3607.86	2281.06
3608.92	2311.49
3609.99	2214.58
3611.06	2266.7
3612.12	2244.01
3613.19	2191.73
3614.25	2204
3615.32	2155.79
3616.39	2193.99
3617.45	2184.65
3618.51	2151.72
3619.58	2082.64
3620.64	2094.23
3621.71	2069.43
3622.77	2087.23
3623.83	2044.95
3624.9	2064.47
3625.96	2028.8
3627.02	1994.78
3628.08	2017.71
3629.14	1958.11
3630.21	1971.23
3631.27	1930.44
3632.33	1891.31
3633.39	1939.52
3634.45	1902.11
3635.51	1891.55
3636.57	1852.25
3637.63	1846.25
3638.69	1815.07
3639.75	1825.6
3640.81	1801.53
3641.86	1756.82
3642.92	1775.41
3643.98	1729.68
3645.04	1742.29
3646.1	1702.08
3647.15	1690.69
3648.21	1620.8
3649.27	1651.66
3650.32	1623.82
3651.38	1610.25
3652.43	1582.07
3653.49	1555.16
3654.54	1513.63
3655.6	1518.2
3656.65	1502.03
3657.71	1471.63
3658.76	1441.42
3659.82	1389.07
3660.87	1400.57
3661.92	1419.94
3662.98	1400.77
3664.03	1365.4
3665.08	1328.36
3666.13	1318.59
3667.19	1266.1
3668.24	1247.45
3669.29	1281.72
3670.34	1249
3671.39	1208.09
3672.44	1197.17
3673.49	1184.26
3674.54	1170.98
3675.59	1133.53
3676.64	1111.94
3677.69	1112.65
3678.74	1110.22
3679.79	1092
3680.83	1093.13
3681.88	1042.01
3682.93	1053.13
3683.98	1043.62
3685.02	1029.2
3686.07	998.588
3687.12	956.568
3688.16	977.923
3689.21	953.271
3690.25	916.219
3691.3	934.986
3692.34	917.535
3693.39	881.076
3694.43	895.124
3695.48	878.819
3696.52	865.571
3697.57	879.32
3698.61	880.677
3699.65	847.525
3700.7	844.531
3701.74	825.626
3702.78	833.371
3703.82	804.512
3704.86	803.995
3705.91	789.305
3706.95	796.872
3707.99	788.842
3709.03	785.679
3710.07	787.281
3711.11	749.369
3712.15	752.338
3713.19	739.392
3714.23	727.942
3715.27	740.127
3716.31	736.651
3717.35	734.885
3718.38	725.366
3719.42	690.717
3720.46	717.399
3721.5	679.511
3722.53	690.339
3723.57	699.601
3724.61	686.941
3725.64	698
3726.68	669.89
3727.71	663.856
3728.75	660.943
3729.79	667.37
3730.82	664.228
3731.85	672.036
3732.89	646.838
3733.92	646.962
3734.96	651.981
3735.99	661.827
3737.02	622.774
3738.06	643.493
3739.09	638.846
3740.12	638.873
3741.15	637.382
3742.19	628.133
3743.22	642.686
3744.25	632.032
3745.28	632.404
3746.31	634.287
3747.34	612.38
3748.37	615.78
3749.4	611.305
3750.43	616.378
3751.46	596.101
3752.49	615.4
3753.52	609.211
3754.55	623.507
3755.57	601.215
3756.6	588.439
3757.63	599.555
3758.66	585.459
3759.68	581.043
3760.71	591.018
3761.74	594.646
3762.77	602.969
3763.79	585.729
3764.82	587.518
3765.84	594.08
3766.87	597.489
3767.89	610.479
3768.92	566.044
3769.94	585.299
3770.97	577.35
3771.99	594.857
3773.01	578.882
3774.04	575.749
3775.06	561.583
3776.08	603.414
3777.1	576.696
3778.13	578.703
3779.15	571.001
3780.17	599.918
3781.19	559.892
3782.21	567.793
3783.23	586.928
3784.25	569.389
3785.27	580.729
3786.29	561.667
3787.31	574.494
3788.33	559.951
3789.35	578.874
3790.37	561.003
3791.39	567.222
3792.41	540.06
3793.43	576.969
3794.44	551.623
3795.46	540.643
3796.48	560.004
3797.5	550.52
3798.51	555.415
3799.53	561.896
3800.55	563.531
3801.56	555.47
3802.58	558.496
3803.59	542.219
3804.61	548.293
3805.62	551.195
3806.64	558.969
3807.65	546.069
3808.66	555.567
3809.68	565.036
3810.69	548.889
3811.7	564.556
3812.72	573.751
3813.73	562.19
3814.74	552.228
3815.75	543.873
3816.77	575.259
3817.78	527.203
3818.79	552.222
3819.8	547.101
3820.81	554.693
3821.82	548.035
3822.83	549.289
3823.84	550.51
3824.85	550.127
3825.86	560.818
3826.87	554.2
3827.88	550.852
3828.88	552.343
3829.89	549.142
3830.9	539.578
3831.91	551.961
3832.92	553.121
3833.92	541.525
3834.93	536.155
3835.94	548.06
3836.94	550.586
3837.95	545.376
3838.95	551.266
3839.96	552.584
3840.96	544.623
3841.97	552.374
3842.97	536.641
3843.98	544.297
3844.98	526.824
3845.99	548.343
3846.99	547.961
3847.99	546.074
3849	530.244
3850	550.357
3851	533.078
3852	536.058
3853	540.586
3854.01	543.568
3855.01	534.127
3856.01	540.284
3857.01	558.881
3858.01	544.731
3859.01	539.86
3860.01	545.842
3861.01	554.94
3862.01	546.995
3863.01	549.996
3864.01	542.168
3865	548.335
3866	538.969
3867	528.071
3868	511.009
3869	531.283
3869.99	534.516
3870.99	529.978
3871.99	542.493
3872.98	523.852
3873.98	533.139
3874.98	523.768
3875.97	533.093
3876.97	508.289
3877.96	519.278
3878.96	538.024
3879.95	548.909
3880.95	528.583
3881.94	533.063
3882.93	548.438
3883.92	515.772
3884.92	540.766
3885.91	544.172
3886.9	547.661
3887.9	540.233
3888.89	557.613
3889.88	540.593
3890.87	520.344
3891.86	534.314
3892.85	542.057
3893.84	518.708
3894.83	534.4
3895.82	554.897
3896.81	524.065
3897.8	527.614
3898.79	564.013
3899.78	539.464
3900.77	530.444
3901.76	538.522
3902.75	513.612
3903.73	565.352
3904.72	537.184
3905.71	513.71
3906.7	515.315
3907.68	531.049
3908.67	512.348
3909.66	545.38
3910.64	537.698
3911.63	530.041
3912.61	552.224
3913.6	528.955
3914.58	513.549
3915.57	529.569
3916.55	551.889
3917.54	519.146
3918.52	543.007
3919.5	538.53
3920.49	518.287
3921.47	553.167
3922.45	534.416
3923.43	540.795
3924.42	536.033
3925.4	548.529
3926.38	559.41
3927.36	534.078
3928.34	551.352
3929.32	560.822
3930.3	513.634
3931.28	559.439
3932.26	543.809
3933.24	532.906
3934.22	539.34
3935.2	531.561
3936.18	534.792
3937.16	539.558
3938.14	522.183
3939.12	552.075
3940.09	548.775
3941.07	537.546
3942.05	542.062
3943.03	529.267
3944	552.756
3944.98	536.948
3945.96	540.104
3946.93	529.122
3947.91	530.735
3948.88	546.492
3949.86	532.27
3950.83	552.618
3951.81	544.533
3952.78	542.661
3953.75	551.737
3954.73	551.379
3955.7	540.099
3956.67	549.352
3957.65	535.191
3958.62	538.4
3959.59	530.671
3960.56	549.61
3961.54	554.338
3962.51	532.242
3963.48	549.238
3964.45	530.001
3965.42	538.902
3966.39	538.393
3967.36	541.102
3968.33	533.026
3969.3	521.991
3970.27	547.011
3971.24	542.359
3972.21	537.646
3973.18	537.51
3974.15	540.38
3975.11	535.348
3976.08	545.865
3977.05	531.412
3978.02	552.807
3978.98	546.191
3979.95	530.297
3980.92	533.123
3981.88	553.092
3982.85	532.726
3983.81	531.075
3984.78	534.156
3985.74	535.752
3986.71	531.175
3987.67	528.142
3988.64	531.268
3989.6	498.591
3990.56	532.632
3991.53	513.84
3992.49	546.283
3993.45	518.234
3994.42	522.805
3995.38	536.685
3996.34	550.535
3997.3	510.082
3998.26	530.085
3999.22	550.092
