400.424	-110.186
404.669	-106.548
408.909	46.8975
413.143	87.421
417.374	-64.8819
421.6	47.7445
425.822	140.89
430.039	30.8988
434.253	11.9013
438.461	-164.657
442.664	7.11423
446.866	-0.907486
451.06	85.6152
455.251	29.6259
459.437	-67.4008
463.619	23.4902
467.798	-244.295
471.97	-77.1409
476.139	22.8371
480.303	-19.158
484.464	91.6437
488.619	-48.2641
492.771	169.271
496.916	94.1871
501.057	-1.92279
505.196	55.9887
509.329	69.263
513.458	-120.525
517.583	-30.406
521.704	45.1449
525.82	-3.82808
529.931	115.88
534.037	18.8734
538.14	-156.856
542.238	143.349
546.332	-146.516
550.422	107.449
554.506	212.753
558.587	201.176
562.663	153.488
566.734	206.42
570.802	-136.918
574.863	-59.7363
578.922	46.8025
582.978	94.3195
587.027	80.7814
591.073	-116.575
595.112	118.056
599.148	18.9252
603.18	12.2961
607.209	2.46999
611.231	183.225
615.25	-8.73329
619.265	-283.486
623.274	2.09355
627.279	-41.6426
631.281	-95.6049
635.278	3.81035
639.27	37.1246
643.258	-94.8614
647.243	4.65689
651.222	-93.5253
655.195	-20.9646
659.166	98.6296
663.131	309.492
667.093	425.98
671.051	362.251
675.001	87.276
678.949	-86.3946
682.894	41.4
686.835	8.37668
690.769	-134.906
694.7	-184.562
698.626	-46.0838
702.548	-81.4055
706.465	61.0155
710.378	38.566
714.287	63.779
718.192	-23.904
722.09	85.3338
725.986	40.2848
729.879	-57.1897
733.766	-164.806
737.647	-21.7146
741.526	-82.1249
745.4	143.251
749.268	263.369
753.133	106.714
756.994	131.132
760.851	-15.6268
764.701	-86.783
768.547	4.60434
772.389	52.9156
776.23	28.5686
780.063	10.0374
783.893	-32.8092
787.719	-107.472
791.541	-125.911
795.356	-43.5318
799.168	-94.1618
802.977	-195.899
806.781	-13.7878
810.58	-105.506
814.375	119.11
818.162	494.123
821.95	125.962
825.732	322.81
829.509	375.312
833.282	161.827
837.05	350.652
840.814	277.293
844.575	203.049
848.33	321.374
852.079	237.082
855.825	105.654
859.568	-71.9082
863.307	-112.013
867.04	-68.8658
870.769	-158.831
874.493	39.0106
878.214	33.4913
881.93	107.24
885.642	-48.7528
889.35	-60.7981
893.053	14.868
896.751	-53.0572
900.445	97.9223
904.134	0.414093
907.821	2.50955
911.503	-153.986
912.036	-186.714
915.893	90.0563
919.749	165.201
923.602	174.253
927.45	380.125
931.291	273.512
935.131	281.686
938.965	284.278
942.797	18.1754
946.624	30.2862
950.447	-69.8937
954.267	-112.509
958.081	28.7301
961.891	-89.1613
965.697	-390.718
969.498	-196.988
973.298	-286.099
977.092	10.2162
980.881	56.0436
984.668	95.5353
988.45	355.471
992.226	247.72
996.001	187.08
999.772	862.274
1003.54	997.701
1007.3	123.584
1011.06	-73.7357
1014.81	-168.135
1018.56	-59.3738
1022.31	-158.289
1026.05	-172.402
1029.78	69.2384
1033.52	41.2876
1037.24	194.556
1040.97	-272.433
1044.69	-23.804
1048.41	-140.176
1052.12	148.598
1055.83	127.298
1059.53	133.246
1063.23	148.806
1066.93	-101.837
1070.62	169.538
1074.31	-14.5911
1077.99	201.839
1081.67	-41.4126
1085.35	-117.897
1089.02	59.7899
1092.69	197.398
1096.35	179.566
1100.01	374.774
1103.67	-120.515
1107.32	103.698
1110.97	273.913
1114.61	12.4347
1118.25	42.2595
1121.88	53.0908
1125.52	230.609
1129.14	134.984
1132.76	196.882
1136.38	121.204
1140	-31.5952
1143.61	6.43629
1147.22	-20.1279
1150.82	-25.5802
1154.42	102.413
1158.01	-49.4374
1161.6	-92.0883
1165.19	-70.9626
1168.77	77.496
1172.35	-34.5738
1175.92	-64.5402
1179.49	-152.999
1183.06	-10.6078
1186.62	-190.988
1190.18	-111.276
1193.73	87.7504
1197.28	-57.8246
1200.83	350.052
1204.37	352.491
1207.91	306.725
1211.44	105.115
1214.97	-10.0057
1218.49	247.626
1222.01	209.876
1225.53	159.068
1229.04	286.043
1232.55	338.751
1236.06	391.78
1239.56	340.64
1243.06	445.093
1246.55	452.981
1250.04	550.979
1253.52	524.215
1257	458.45
1260.48	384.044
1263.95	532.165
1267.42	513.055
1270.88	743.704
1274.34	571.492
1277.8	809.562
1281.25	923.131
1284.7	884.359
1288.14	982.621
1291.58	1233.72
1295.02	1373.94
1298.45	1325.76
1301.88	1296.55
1305.3	1283.31
1308.72	1205.81
1312.14	1256.28
1315.55	1205.79
1318.96	1084.88
1322.36	1025.7
1325.76	808.884
1329.16	782.194
1332.54	753.973
1335.93	663.321
1339.32	336.897
1342.69	308.91
1346.07	233.636
1349.44	185.217
1352.81	45.9114
1356.17	25.4203
1359.53	-33.6703
1362.89	-96.8391
1364.21	-114.176
1367.74	285.617
1371.27	99.3589
1374.8	237.472
1378.32	308.076
1381.83	289.886
1385.34	266.775
1388.85	198.852
1392.36	266.302
1395.86	401.767
1399.35	462.772
1402.85	758.703
1406.34	778.201
1409.82	695.988
1413.3	884.16
1416.78	1095.45
1420.26	928.379
1423.73	738.542
1427.19	1013.49
1430.66	861.309
1434.12	1071.3
1437.57	1196.28
1441.02	1283.05
1444.47	1276.72
1447.91	1152.66
1451.36	1393.71
1454.79	1355.96
1458.23	1252.18
1461.65	1132.69
1465.08	939.791
1468.5	558.622
1471.92	645.003
1475.33	294.975
1478.74	252.949
1482.15	194.391
1485.55	29.209
1488.95	32.9526
1492.34	167.843
1495.73	-69.0749
1499.12	59.304
1502.5	122.103
1505.88	277.633
1509.26	412.444
1512.63	524.993
1516	504.654
1519.36	591.312
1522.72	529.108
1526.08	611.566
1529.43	794.304
1532.78	586.438
1536.13	772.647
1539.47	671.012
1542.81	842.266
1546.14	894.378
1549.47	731.103
1552.79	673.789
1556.12	688.703
1559.44	652.884
1562.75	578.194
1566.06	646.283
1569.37	689.544
1572.68	691.664
1575.97	589.28
1579.27	470.576
1582.56	493.043
1585.85	542.409
1589.14	456.165
1592.42	461.009
1595.69	505.963
1598.97	697.846
1602.24	1341.12
1605.5	1462.28
1608.76	1852.1
1612.02	1590.97
1615.28	1222.29
1618.53	927.393
1621.77	724.45
1625.02	735.671
1628.26	825.347
1631.49	868.882
1634.72	1035.08
1637.95	1080.28
1641.17	1036.67
1644.4	1092.08
1647.61	1308.11
1650.82	1435.76
1654.03	1222.66
1657.24	1354.43
1660.44	1254.83
1663.63	1080.72
1666.83	1300.08
1670.02	1138.11
1673.2	1015.95
1676.39	808.703
1679.56	470.11
1682.74	362.195
1685.91	271.751
1689.08	286.307
1692.24	157.251
1695.4	69.5049
1698.56	84.4791
1701.71	31.1822
1704.86	22.0884
1708	79.1924
1711.14	238.953
1714.28	277.045
1717.41	388.774
1720.54	668.101
1723.67	597.42
1726.79	470.177
1729.91	145.073
1733.02	272.996
1736.13	349.18
1739.24	125.228
1742.34	-82.4475
1745.44	88.992
1748.53	112.883
1751.62	-35.7179
1754.71	-0.0983315
1757.8	64.0526
1760.88	44.5769
1763.95	14.1836
1767.03	-61.1416
1770.1	-19.863
1773.16	115.647
1776.22	3.72247
1778.67	120.394
1781.9	-109.398
1785.13	-288.216
1788.36	-96.1876
1791.59	71.2508
1794.81	101.226
1798.03	158.92
1801.24	-36.784
1804.45	53.4187
1807.66	-61.3841
1810.87	-184.292
1814.06	82.3095
1817.26	39.3448
1820.46	116.174
1823.65	-3.90368
1826.83	100.628
1830.01	97.033
1833.19	-113.426
1836.37	40.8048
1839.54	-14.1705
1842.71	-211.751
1845.87	21.985
1849.03	-27.8763
1852.19	-29.8041
1855.35	-41.6557
1858.5	133.185
1861.64	-81.8258
1864.79	-115.214
1867.93	115.52
1871.06	183.576
1874.2	-35.1727
1877.33	26.9853
1880.45	37.0326
1883.58	139.882
1886.69	65.4475
1889.81	47.0807
1892.92	76.8259
1896.03	154.124
1899.13	121.334
1902.23	92.4141
1905.33	47.2555
1908.42	-1.08598
1911.51	-24.5877
1914.6	90.3227
1917.69	35.655
1920.76	-13.0154
1923.84	-34.1239
1926.91	-63.2846
1929.98	44.4454
1933.05	-92.5238
1936.11	40.1833
1939.17	156.056
1942.22	68.6216
1945.27	-47.9968
1948.32	3.50584
1951.36	60.9798
1954.41	51.9473
1957.44	-8.47853
1960.48	-73.5749
1963.51	-80.1062
1966.53	58.5936
1969.56	1.7791
1972.57	146.981
1975.59	58.3609
1978.6	108.639
1981.61	157.66
1984.62	217.493
1987.62	118.946
1990.62	132.686
1993.61	105.052
1996.6	181.429
1999.59	106.435
2002.57	14.245
2005.55	136.17
2008.53	145.761
2011.5	228.356
2014.47	72.4162
2017.44	-136.033
2020.4	39.4708
2023.36	211.852
2026.32	-83.3686
2029.27	77.0131
2032.22	-22.5837
2035.16	0.607208
2038.1	88.3723
2041.04	42.1609
2043.97	-13.816
2046.9	-45.3606
2049.83	-19.9169
2052.76	-123.145
2055.68	-18.7178
2058.59	27.9725
2061.5	18.6763
2064.41	-93.4208
2067.32	-19.848
2070.22	97.3981
2073.12	116.462
2076.01	-79.7322
2078.91	-38.4646
2081.79	-37.6198
2084.68	99.4138
2087.56	207.833
2090.44	-69.3826
2093.31	-107.142
2096.18	-38.5445
2099.05	38.2095
2101.91	-35.5688
2104.77	-18.4897
2107.63	44.7809
2110.48	41.6284
2113.33	104.917
2116.17	225.979
2119.02	47.6759
2121.85	51.7791
2124.69	88.362
2127.52	168.912
2130.35	34.7813
2133.17	188.221
2135.99	113.765
2138.81	228.158
2141.62	125.386
2144.43	-116.46
2147.24	108.862
2150.04	100.616
2152.84	34.9404
2155.64	50.3118
2157.47	-3.48813
2160.44	-46.3991
2163.4	57.5444
2166.37	7.70768
2169.32	-127.627
2172.28	36.1365
2175.24	-172.484
2178.18	27.5232
2181.13	169.108
2184.07	-141.781
2187.01	4.93215
2189.95	-75.9329
2192.88	6.63877
2195.81	105.666
2198.74	61.1061
2201.66	-57.3699
2204.58	-53.8161
2207.5	14.3452
2210.41	22.8783
2213.32	34.3642
2216.23	101.813
2219.13	-10.4618
2222.03	-55.4848
2224.93	17.2481
2227.82	83.1185
2230.71	38.7644
2233.6	3.86137
2236.48	-30.8064
2239.36	-24.9097
2242.24	55.407
2245.11	92.6463
2247.98	168.235
2250.84	-89.5109
2253.71	161.523
2256.57	117.775
2259.42	49.8503
2262.28	184.432
2265.13	33.0874
2267.98	26.0315
2270.82	60.2929
2273.66	119.047
2276.49	50.5295
2279.33	33.5409
2282.16	183.852
2284.98	44.3475
2287.8	6.8196
2290.63	-31.8771
2293.44	-8.08385
2296.26	0.522987
2299.07	-5.46503
2301.87	16.2724
2304.68	4.79616
2307.48	2.4963
2310.27	30.9469
2313.06	-14.0223
2315.85	16.0847
2318.64	126.034
2321.42	-36.8368
2324.2	-84.2364
2326.98	-197.28
2329.75	-167.547
2332.52	83.0569
2335.29	0.710663
2338.05	2.57607
2340.81	34.839
2343.57	6.00093
2346.32	22.7413
2349.07	64.2895
2351.82	171.605
2354.56	57.6977
2357.3	-1.48547
2360.04	52.1693
2362.77	-51.1632
2365.5	-41.1421
2368.23	112.635
2370.95	4.82871
2373.67	3.33125
2376.38	35.6434
2379.1	54.1362
2381.81	54.5616
2384.51	24.2908
2387.22	8.55417
2389.92	-3.26207
2392.61	5.07617
2395.3	25.465
2397.99	30.1387
2400.68	-154.235
2403.36	-103.153
2406.04	92.2254
2408.72	-63.4891
2411.39	19.7285
2414.06	91.1819
2416.73	-82.65
2419.39	-62.2327
2422.05	214.624
2424.71	-162.159
2427.36	37.4403
2430.01	38.9527
2432.65	22.8667
2435.3	37.1331
2437.94	23.3146
2440.57	31.5285
2443.21	-101.177
2445.84	-119.605
2448.46	25.9496
2451.08	105.229
2453.7	67.7332
2456.32	170.028
2458.93	110.2
2461.54	102.681
2464.15	24.8722
2466.75	-66.0609
2469.35	158.524
2471.95	150.766
2474.54	13.5667
2477.13	184.838
2479.71	102.528
2482.3	51.7973
2484.87	136.084
2487.45	102.993
2490.02	-47.3894
2492.59	-91.991
2495.16	42.9757
2497.72	71.6917
2500.28	-4.87168
2502.84	-58.7026
2505.47	202.31
2508.2	-111.564
2510.92	151.391
2513.65	-105.476
2516.37	-232.148
2519.08	-14.6762
2521.79	12.1168
2524.5	-77.6881
2527.21	99.9197
2529.91	-12.5024
2532.61	3.52549
2535.31	-105.972
2538	120.272
2540.7	-112.978
2543.38	24.1149
2546.07	63.1184
2548.75	108.998
2551.43	-38.5144
2554.1	80.318
2556.78	26.4538
2559.44	16.518
2562.11	140.393
2564.77	67.1939
2567.43	68.9945
2570.09	114.24
2572.74	-12.8991
2575.39	54.5806
2578.04	12.9977
2580.68	31.2424
2583.32	-10.3783
2585.96	58.4036
2588.59	77.6964
2591.22	138.794
2593.85	130.452
2596.48	137.392
2599.1	-10.1795
2601.72	41.4273
2604.33	137.838
2606.94	47.2763
2609.55	-63.2914
2612.16	79.1214
2614.76	-33.0465
2617.36	31.9164
2619.96	-9.89595
2622.55	15.7285
2625.14	120.771
2627.73	-61.8663
2630.31	-39.5217
2632.89	42.0319
2635.47	-112.758
2638.05	-12.1618
2640.62	-37.2026
2643.19	-174.894
2645.75	-161.213
2648.31	-133.223
2650.87	43.4644
2653.43	-67.0632
2655.98	25.0783
2658.53	-10.6297
2661.07	-34.852
2663.62	-58.7495
2666.16	45.21
2668.69	-128.995
2671.23	-13.3251
2673.76	-5.64952
2676.28	123.996
2678.81	-31.5627
2681.33	139.724
2683.85	-5.78312
2686.36	16.401
2688.87	64.175
2691.38	50.5506
2693.89	33.5726
2696.39	84.7092
2698.89	75.8849
2701.38	143.281
2703.87	260.725
2706.36	297.041
2708.85	295.876
2711.33	418.822
2713.81	422.438
2716.29	494.113
2718.76	605.48
2721.23	707.525
2723.7	561.341
2726.16	502.507
2728.62	470.584
2731.08	473.01
2733.54	314.49
2735.99	345.293
2738.43	293.84
2740.88	357.376
2743.32	406.336
2745.76	347.443
2748.2	209.74
2750.63	281.775
2753.06	189.892
2755.48	369.891
2757.91	266.129
2760.33	74.0359
2762.74	254.353
2765.16	205.971
2767.57	16.5318
2769.97	34.3578
2772.38	126.196
2774.78	44.4243
2777.18	-131.676
2779.57	-207.35
2781.96	31.1646
2784.35	33.1989
2786.73	1.69555
2789.11	-94.8001
2791.49	-116.47
2793.87	50.2875
2796.24	14.3172
2798.61	84.4299
2800.98	52.0804
2803.34	-11.7415
2805.7	-48.2957
2808.06	19.3903
2810.41	-14.1341
2812.76	-9.81092
2815.11	134.68
2817.45	190.01
2819.79	110.017
2822.13	95.5186
2824.32	98.6911
2826.83	485.384
2829.33	112.709
2831.84	410.361
2834.34	797.468
2836.84	1059.39
2839.33	1277.4
2841.82	1804.42
2844.31	1970.01
2846.8	2521.31
2849.28	2329.5
2851.76	2543.91
2854.24	2563.18
2856.71	2596.15
2859.18	2694.57
2861.65	2657.11
2864.12	3095.98
2866.58	3471.07
2869.04	3929.97
2871.49	4220.85
2873.95	4492.67
2876.4	4822.31
2878.85	5248.34
2881.29	5653.6
2883.73	5220.97
2886.17	4598.54
2888.6	4425.28
2891.04	4340.53
2893.47	4295.66
2895.89	4143.99
2898.32	4145.04
2900.74	4335.44
2903.16	4316.11
2905.57	4606.38
2907.98	4533.68
2910.39	4878.16
2912.8	5131.58
2915.2	5330.82
2917.6	5614.7
2919.99	5712.31
2922.39	5981.63
2924.78	6265.34
2927.17	6466.23
2929.55	6646.3
2931.93	6685.05
2934.31	6933.48
2936.69	7088.09
2939.06	6793.58
2941.43	6571.95
2943.8	6136.29
2946.16	5825.18
2948.52	5321.67
2950.88	5006.77
2953.23	4974
2955.58	4884.53
2957.93	4551.5
2960.28	4576.77
2962.62	4438.77
2964.96	4330.79
2967.3	4405.14
2969.63	4036.6
2971.96	4024.07
2974.29	3807.21
2976.62	3695.51
2978.94	3472.39
2981.26	3309.28
2983.57	3098.09
2985.88	2677.53
2988.19	2491.11
2990.5	2287.46
2992.8	1923.95
2995.1	1900.96
2997.4	1561.2
2999.7	1330.63
3001.99	1194.02
3004.28	955.467
3006.56	1011.15
3008.85	889.032
3011.13	660.798
3013.4	541.838
3015.68	315.602
3017.95	204.253
3020.22	167.225
3022.48	97.3239
3024.74	133.241
3027	20.309
3029.26	-89.7932
3031.51	-171.34
3033.76	-222.395
3036.01	-137.809
3038.25	-83.8497
3040.49	-60.3683
3042.73	-23.28
3044.96	-65.6515
3047.2	-163.725
3049.43	42.6142
3051.65	-8.40439
3053.87	96.2393
3056.09	29.9395
3058.31	254.483
3060.52	359.232
3062.74	366.443
3064.94	245.691
3067.15	300.088
3069.35	384.884
3071.55	102.476
3073.74	200.658
3075.94	280.015
3078.13	265.098
3080.31	31.6624
3082.5	84.0069
3084.68	-110.477
3086.86	-28.8483
3089.03	-28.9739
3091.2	-139.461
3093.37	-103.831
3095.54	-264.638
3097.7	-314.463
3099.86	-228.185
3102.02	-201.185
3104.17	-123.765
3106.32	-143.816
3108.47	-258.159
3110.61	58.1719
3112.75	88.6594
3114.89	2.77966
3116.84	-75.6268
3119.15	11.5209
3121.46	-100.669
3123.76	178.925
3126.07	60.1358
3128.37	-33.4299
3130.66	-105.412
3132.96	-147.591
3135.25	-97.2223
3137.54	-10.2223
3139.83	-26.5269
3142.11	-225.78
3144.39	-44.5207
3146.67	-2.53288
3148.95	118.437
3149.19	390.944
