400.424	214.66
404.669	50.1855
408.909	116.486
413.143	395.178
417.374	464.814
421.6	225.984
425.822	356.492
430.039	281.279
434.253	163.605
438.461	396.219
442.664	364.313
446.866	183.344
451.06	91.1816
455.251	197.521
459.437	325.162
463.619	218.637
467.798	-5.88281
471.97	41.8145
476.139	151.82
480.303	116.137
484.464	372.326
488.619	255.793
492.771	373.793
496.916	16.3066
501.057	364.615
505.196	-23.2617
509.329	374.117
513.458	372.775
517.583	135.275
521.704	-9.07422
525.82	201.271
529.931	209.48
534.037	16.2324
538.14	276.186
542.238	204.068
546.332	324.938
550.422	341.105
554.506	91.7324
558.587	234.857
562.663	261.996
566.734	92.2246
570.802	360.275
574.863	223.322
578.922	166.043
582.978	137.633
587.027	145.238
591.073	158.49
595.112	224.52
599.148	173.467
603.18	153.809
607.209	250.566
611.231	158.203
615.25	90.252
619.265	335.52
623.274	269.855
627.279	116.795
631.281	49.5293
635.278	114.814
639.27	221.348
643.258	67.7402
647.243	159.221
651.222	195.701
655.195	247.375
659.166	273.443
663.131	158.799
667.093	300.488
671.051	347.723
675.001	372.941
678.949	226.906
682.894	167.604
686.835	240.736
690.769	165.871
694.7	14.4746
698.626	167.898
702.548	316.734
706.465	268.338
710.378	-11.9824
714.287	128.772
718.192	161.999
722.09	227.529
725.986	271.066
729.879	68.2715
733.766	293.217
737.647	-5.91992
741.526	170.246
745.4	271.765
749.268	271.993
753.133	328.996
756.994	349.866
760.851	315.798
764.701	199.835
768.547	123.723
772.389	274.611
776.23	121.561
780.063	123.747
783.893	56.3086
787.719	88.04
791.541	280.369
795.356	145.155
799.168	25.8174
802.977	66.8721
806.781	107.434
810.58	209.992
814.375	349.747
818.162	192.799
821.95	340.353
825.732	421.902
829.509	249.849
833.282	231.332
837.05	241.502
840.814	260.066
844.575	195.225
848.33	241.171
852.079	259.105
855.825	223.712
859.568	264.744
863.307	210.968
867.04	38.0791
870.769	-22.0176
874.493	19.875
878.214	189.461
881.93	344.365
885.642	267.164
889.35	297.265
893.053	475.864
896.751	280.865
900.445	240.065
904.134	197.644
907.821	164.928
911.503	53.6211
912.036	19.0225
915.893	43.2529
919.749	63.4834
923.602	170.519
927.45	46.6621
931.291	226.315
935.131	363.788
938.965	85.6563
942.797	359.227
946.624	258.605
950.447	-82.5137
954.267	57.5742
958.081	13.5684
961.891	110.769
965.697	142.375
969.498	-49.7129
973.298	33.2051
977.092	-39.9385
980.881	166.136
984.668	517.62
988.45	256.121
992.226	461.848
996.001	500.405
999.772	1426.41
1003.54	1033.6
1007.3	483.392
1011.06	341.922
1014.81	172.005
1018.56	276.785
1022.31	348.369
1026.05	461.702
1029.78	583.589
1033.52	862.223
1037.24	607.862
1040.97	411.75
1044.69	713.757
1048.41	750.048
1052.12	823.102
1055.83	971.053
1059.53	1294.97
1063.23	1205.68
1066.93	1375.4
1070.62	1612.78
1074.31	1769.45
1077.99	1773.39
1081.67	1945.13
1085.35	1958.78
1089.02	1994.32
1092.69	2087.46
1096.35	2198.26
1100.01	2039.16
1103.67	1963.75
1107.32	2040.3
1110.97	1778.84
1114.61	1987.24
1118.25	1620.83
1121.88	1715.42
1125.52	1693.99
1129.14	1576.71
1132.76	1119.54
1136.38	835.97
1140	764.097
1143.61	603.058
1147.22	661.587
1150.82	605.732
1154.42	565.82
1158.01	539.778
1161.6	496.386
1165.19	411.175
1168.77	468.147
1172.35	389.051
1175.92	228.556
1179.49	52.7852
1183.06	64.4941
1186.62	115.931
1190.18	83.3926
1193.73	120.05
1197.28	241.016
1200.83	246.604
1204.37	235.763
1207.91	357.504
1211.44	199.799
1214.97	137.556
1218.49	44.3701
1222.01	216.985
1225.53	301.322
1229.04	290.98
1232.55	309.047
1236.06	349.076
1239.56	371.045
1243.06	265.675
1246.55	287.527
1250.04	331.024
1253.52	346.75
1257	159.716
1260.48	256.762
1263.95	287.424
1267.42	402.287
1270.88	336.116
1274.34	318.605
1277.8	347.635
1281.25	457.329
1284.7	560.585
1288.14	669.856
1291.58	679.989
1295.02	786.062
1298.45	726.738
1301.88	618.787
1305.3	636.689
1308.72	660.152
1312.14	704.875
1315.55	848.454
1318.96	693.271
1322.36	606.69
1325.76	664.588
1329.16	686.644
1332.54	676.713
1335.93	821.917
1339.32	619.18
1342.69	472.507
1346.07	364.347
1349.44	337.982
1352.81	274.517
1356.17	178.49
1359.53	154.794
1362.89	254.396
1364.21	306.509
1367.74	5.2041
1371.27	125.329
1374.8	-11.7627
1378.32	-3.23535
1381.83	249.471
1385.34	376.218
1388.85	382.804
1392.36	445.409
1395.86	429.057
1399.35	362.438
1402.85	602.029
1406.34	689.711
1409.82	608.813
1413.3	602.404
1416.78	627.784
1420.26	603.896
1423.73	565.833
1427.19	636.344
1430.66	716.986
1434.12	829.758
1437.57	983.195
1441.02	1213.67
1444.47	1194.25
1447.91	1037.55
1451.36	1100.06
1454.79	1122.32
1458.23	918.198
1461.65	866.479
1465.08	671.093
1468.5	509.765
1471.92	295.676
1475.33	147.486
1478.74	89.1182
1482.15	72.4482
1485.55	50.6592
1488.95	25.5586
1492.34	70.2998
1495.73	154.229
1499.12	55.7197
1502.5	19.6895
1505.88	187.945
1509.26	345.97
1512.63	402.103
1516	445.896
1519.36	343.588
1522.72	427.929
1526.08	464.671
1529.43	534.712
1532.78	578.939
1536.13	506.802
1539.47	706.155
1542.81	605.811
1546.14	737.802
1549.47	679.503
1552.79	678.779
1556.12	807.33
1559.44	698.496
1562.75	475.728
1566.06	594.061
1569.37	519.65
1572.68	548.122
1575.97	477.384
1579.27	397.779
1582.56	540.052
1585.85	558.044
1589.14	513.697
1592.42	540.547
1595.69	583.101
1598.97	627.711
1602.24	736.105
1605.5	955.718
1608.76	823.33
1612.02	823.213
1615.28	859.676
1618.53	714.412
1621.77	764.336
1625.02	882.373
1628.26	908.569
1631.49	909.983
1634.72	1082.7
1637.95	1087.27
1641.17	1120.24
1644.4	1150.75
1647.61	1212.85
1650.82	1265.2
1654.03	1295.39
1657.24	1322.57
1660.44	1325.37
1663.63	1149.37
1666.83	1025.91
1670.02	1257.48
1673.2	884.477
1676.39	753.728
1679.56	713.396
1682.74	653.999
1685.91	624.475
1689.08	428.177
1692.24	392.798
1695.4	208.572
1698.56	208.783
1701.71	89.4248
1704.86	-15.9121
1708	27.7197
1711.14	43.5537
1714.28	18.0156
1717.41	-3.76172
1720.54	-46.2539
1723.67	-99.2197
1726.79	-23.667
1729.91	-13.7422
1733.02	5.9502
1736.13	-74.4453
1739.24	-14.5693
1742.34	-103.889
1745.44	-57.1064
1748.53	-74.2363
1751.62	-132.697
1754.71	-54.3779
1757.8	3.67188
1760.88	6.71777
1763.95	-7.51074
1767.03	-3.67773
1770.1	-32.9189
1773.16	-125.062
1776.22	-84.7471
1778.67	-118.879
1781.9	30.3818
1785.13	-223.394
1788.36	-68.6494
1791.59	-103.516
1794.81	37.1162
1798.03	-137.135
1801.24	31.3662
1804.45	-182.291
1807.66	-138.447
1810.87	-156.126
1814.06	-92.3818
1817.26	-2.74414
1820.46	11.6553
1823.65	-113.008
1826.83	-165.006
1830.01	-191.225
1833.19	-190.563
1836.37	-214.792
1839.54	-114.507
1842.71	-94.7832
1845.87	-74.7646
1849.03	-16.1963
1852.19	44.2334
1855.35	-137.227
1858.5	-13.3662
1861.64	-8.31783
1864.79	-8.31783
1867.93	-8.31783
1871.06	-8.31783
1874.2	-83.1367
1877.33	-96.1367
1880.45	-7.10742
1883.58	-14.3262
1886.69	38.0811
1889.81	-102.766
1892.92	20.3818
1896.03	-24.8408
1899.13	-128.73
1902.23	-127.237
1905.33	-103.396
1908.42	-172.899
1911.51	-1.04883
1914.6	-105.494
1917.69	-178.739
1920.76	-4.90918
1923.84	-49.8594
1926.91	-108.451
1929.98	-116.641
1933.05	-108.37
1936.11	-83.5664
1939.17	-118.242
1942.22	-124.425
1945.27	-123.088
1948.32	-68.7441
1951.36	-170.498
1954.41	-129.497
1957.44	-184.816
1960.48	-234.552
1963.51	-139.853
1966.53	-98.1699
1969.56	-12.3447
1972.57	-51.8027
1975.59	-108.744
1978.6	-52.4316
1981.61	-76.9502
1984.62	-26.9473
1987.62	-10.6191
1990.62	-86.8789
1993.61	-33.4473
1996.6	-23.0547
1999.59	-0.50293
2002.57	-119.467
2005.55	19.4893
2008.53	-106.11
2011.5	-69.7822
2014.47	-39.6953
2017.44	-23.9775
2020.4	-112.711
2023.36	-42.582
2026.32	17.5977
2029.27	-112.009
2032.22	-117.643
2035.16	-87.7754
2038.1	-83.2197
2041.04	-218.653
2043.97	-235.309
2046.9	-183.742
2049.83	-179.776
2052.76	-83.168
2055.68	42.4248
2058.59	-140.02
2061.5	-185.285
2064.41	-52.5215
2067.32	-154.875
2070.22	-123.017
2073.12	-126.861
2076.01	-98.1602
2078.91	-60.3145
2081.79	-103.105
2084.68	-19.6904
2087.56	-85.4922
2090.44	-54.6914
2093.31	-117.375
2096.18	-152.187
2099.05	-86.1113
2101.91	-6.20898
2104.77	-74.0527
2107.63	-117.994
2110.48	14.9854
2113.33	-4.41406
2116.17	-62.4473
2119.02	-117.854
2121.85	-81.002
2124.69	30.7246
2127.52	-46.2422
2130.35	-127.352
2133.17	-135.946
2135.99	-187.91
2138.81	-208.595
2141.62	-12.9873
2144.43	-186.372
2147.24	-254.433
2150.04	-177.227
2152.84	-152.049
2155.64	-182.572
2157.47	-262.77
2160.44	-19.6494
2163.4	-163.98
2166.37	-230.065
2169.32	-144.012
2172.28	-121.275
2175.24	-196.429
2178.18	-177.82
2181.13	-136.017
2184.07	-195.766
2187.01	-142.836
2189.95	-53.0576
2192.88	-129.167
2195.81	-178.83
2198.74	-153.97
2201.66	-133.157
2204.58	-62.5449
2207.5	-26.3789
2210.41	-15.9658
2213.32	-170.277
2216.23	-15.8848
2219.13	-72.082
2222.03	-90.0586
2224.93	-201.426
2227.82	-81.6113
2230.71	-179.265
2233.6	-139.001
2236.48	-26.3662
2239.36	-251.529
2242.24	-83.5898
2245.11	-32.3574
2247.98	-57.332
2250.84	-101.914
2253.71	-61.415
2256.57	-28.457
2259.42	1.29492
2262.28	-34.3711
2265.13	-31.1934
2267.98	-114.463
2270.82	-139.887
2273.66	-71.1719
2276.49	-121.788
2279.33	-42.7627
2282.16	-18.2344
2284.98	-48.3398
2287.8	-55.9434
2290.63	-22.4756
2293.44	-172.255
2296.26	-33.2998
2299.07	-93.6689
2301.87	-7.81445
2304.68	-59.3535
2307.48	-76.4287
2310.27	-188.105
2313.06	-226.654
2315.85	-151.991
2318.64	-143.419
2321.42	-298.601
2324.2	33.8594
2326.98	-184.785
2329.75	-285.74
2332.52	-213.274
2335.29	-242.09
2338.05	-243.285
2340.81	-162.442
2343.57	-142.642
2346.32	-153.241
2349.07	-105.161
2351.82	-41.1211
2354.56	-65.5811
2357.3	-37.8945
2360.04	-100.764
2362.77	-123.202
2365.5	-140.011
2368.23	-18.0381
2370.95	-73.2285
2373.67	-67.4473
2376.38	-48.9473
2379.1	-226.277
2381.81	-24.9463
2384.51	-167.607
2387.22	-98.7568
2389.92	-19.8877
2392.61	-128.687
2395.3	-130.384
2397.99	-124.861
2400.68	-140.759
2403.36	-133.588
2406.04	-201.729
2408.72	-177.28
2411.39	-98.0518
2414.06	-98.6514
2416.73	-55.6826
2419.39	-121.802
2422.05	-143.472
2424.71	-61.8477
2427.36	10.0547
2430.01	-184.503
2432.65	-39.0967
2435.3	-31.4854
2437.94	-67.0205
2440.57	-66.7422
2443.21	-81.7676
2445.84	-148.68
2448.46	-75.5762
2451.08	-72.9023
2453.7	-79.6699
2456.32	-45.707
2458.93	-163.568
2461.54	-24.1621
2464.15	-60.4541
2466.75	-106.333
2469.35	-125.341
2471.95	-13.4678
2474.54	-32.3545
2477.13	-112.814
2479.71	-115.246
2482.3	-94.1084
2484.87	-66.3379
2487.45	-158.81
2490.02	-241.318
2492.59	-95.5957
2495.16	-76.9063
2497.72	-78.0527
2500.28	-90.9795
2502.84	14.5283
2505.47	-230.463
2508.2	-225.984
2510.92	-121.22
2513.65	-3
2516.37	-129.632
2519.08	-65.3057
2521.79	-15.6602
2524.5	-52.4434
2527.21	-42.8584
2529.91	-85.1436
2532.61	-206.583
2535.31	-119.285
2538	-168.751
2540.7	-290.892
2543.38	-389.145
2546.07	-80.96
2548.75	-206.12
2551.43	-265.681
2554.1	-145.114
2556.78	-75.9346
2559.44	-213.463
2562.11	-195.378
2564.77	-179.062
2567.43	-304.726
2570.09	-76.4854
2572.74	-133.762
2575.39	-224.304
2578.04	-229.795
2580.68	28.835
2583.32	-342.926
2585.96	-184.395
2588.59	-160.082
2591.22	-263.851
2593.85	-190.522
2596.48	-237.812
2599.1	-103.105
2601.72	14.1709
2604.33	-38.582
2606.94	-65.4775
2609.55	-69.7344
2612.16	-32.792
2614.76	-55.1777
2617.36	-82.7939
2619.96	-87.9287
2622.55	-129.302
2625.14	-104.307
2627.73	-165.543
2630.31	-46.6084
2632.89	-91.5947
2635.47	15.1318
2638.05	-224.768
2640.62	-195.368
2643.19	-145.953
2645.75	-193.674
2648.31	-32.4414
2650.87	-127.541
2653.43	-150.37
2655.98	-237.035
2658.53	-169.948
2661.07	-118.656
2663.62	-69.249
2666.16	-39.1484
2668.69	-149.341
2671.23	-85.3994
2673.76	-57.8135
2676.28	-38.127
2678.81	7.80859
2681.33	50.8135
2683.85	-11.917
2686.36	-19.7979
2688.87	50.8213
2691.38	-12.9004
2693.89	20.3193
2696.39	99.9326
2698.89	155.095
2701.38	77.9824
2703.87	154
2706.36	260.007
2708.85	169.574
2711.33	306.712
2713.81	251.268
2716.29	210.235
2718.76	172.584
2721.23	392.003
2723.7	426.71
2726.16	414.43
2728.62	422.867
2731.08	344.153
2733.54	349.661
2735.99	287.282
2738.43	347.115
2740.88	425.605
2743.32	260
2745.76	199.134
2748.2	316.938
2750.63	243.936
2753.06	218.58
2755.48	164.654
2757.91	199.763
2760.33	159.988
2762.74	269.79
2765.16	161.404
2767.57	147.277
2769.97	73.0879
2772.38	22.6396
2774.78	71.5693
2777.18	138.369
2779.57	50.7676
2781.96	53.0215
2784.35	-13.7656
2786.73	-50.8799
2789.11	12.4453
2791.49	-53.6797
2793.87	117.967
2796.24	119.139
2798.61	8.52832
2800.98	53.5195
2803.34	-45.6729
2805.7	50.0947
2808.06	156.703
2810.41	94.7295
2812.76	121.626
2815.11	240.002
2817.45	255.065
2819.79	191.649
2822.13	215.373
2824.32	271.815
2826.83	487.166
2829.33	450.633
2831.84	570.603
2834.34	637.97
2836.84	878.118
2839.33	1189.31
2841.82	1570.4
2844.31	1933.64
2846.8	2032.78
2849.28	2103.69
2851.76	2139.57
2854.24	2220.03
2856.71	2233
2859.18	2242.65
2861.65	2457.33
2864.12	2748.17
2866.58	3135.81
2869.04	3425.21
2871.49	3367.38
2873.95	3647.02
2876.4	3813.14
2878.85	4123.8
2881.29	4313.68
2883.73	3888.29
2886.17	3648
2888.6	3513.35
2891.04	3478.93
2893.47	3475.76
2895.89	3502.22
2898.32	3550.72
2900.74	3601.96
2903.16	3589.9
2905.57	3680.46
2907.98	3850.33
2910.39	3867.29
2912.8	4255.48
2915.2	4438.48
2917.6	4683.88
2919.99	4840.1
2922.39	5134.52
2924.78	5163.9
2927.17	5368.39
2929.55	5441.83
2931.93	5495.92
2934.31	5640.31
2936.69	5674.21
2939.06	5414.23
2941.43	5217.08
2943.8	4793.43
2946.16	4457.26
2948.52	4155.23
2950.88	3790.14
2953.23	3573.91
2955.58	3512.27
2957.93	3428.24
2960.28	3131.35
2962.62	3161.79
2964.96	3047.57
2967.3	2953.93
2969.63	2891.57
2971.96	2643.49
2974.29	2497.34
2976.62	2454.12
2978.94	2446.72
2981.26	2210.35
2983.57	2125.44
2985.88	2081.05
2988.19	1853.58
2990.5	1612.58
2992.8	1580.95
2995.1	1416.21
2997.4	1279.55
2999.7	1113.21
3001.99	871.168
3004.28	898.042
3006.56	860.477
3008.85	717.474
3011.13	520.346
3013.4	402.953
3015.68	272.114
3017.95	342.682
3020.22	227.708
3022.48	162.942
3024.74	195.476
3027	208.58
3029.26	44.0684
3031.51	61.5801
3033.76	147.241
3036.01	7.48242
3038.25	37.166
3040.49	61.0098
3042.73	89.3438
3044.96	79.1699
3047.2	73.1631
3049.43	129.589
3051.65	227.969
3053.87	178.227
3056.09	301.526
3058.31	400.427
3060.52	388.812
3062.74	511.872
3064.94	406.521
3067.15	292.695
3069.35	306.646
3071.55	278.465
3073.74	218.519
3075.94	152.438
3078.13	148.131
3080.31	136.66
3082.5	91.9033
3084.68	17.7139
3086.86	-71.834
3089.03	28.2627
3091.2	72.9521
3093.37	58.9902
3095.54	-32.6006
3097.7	0.345703
3099.86	-33.1494
3102.02	-49.3398
3104.17	-6.10059
3106.32	55.3604
3108.47	20.5908
3110.61	19.0908
3112.75	15.291
3114.89	0.204102
3116.84	29.7451
3119.15	125.012
3121.46	58.4873
3123.76	105.606
3126.07	63.3818
3128.37	53.6699
3130.66	86.332
3132.96	101.87
3135.25	38.3184
3137.54	90.9795
3139.83	60.8994
3142.11	-84.9492
3144.39	45.5303
3146.67	124.191
3148.95	-60.8369
3149.19	-90.6836
