0.896039837732914
0.890088548577259
0.888148442056885
0.922399214141908
0.941511428063880
0.902466319331958
0.977250481753096
0.976954987464973
0.932052390751855
0.930765294484056
0.896175560820138
0.893963894856430
0.957421418639396
0.934456029526274
0.982817615547334
0.953420475314812
0.963832192153795
0.929537807247995
0.973632541743413
0.971598944759481
0.907587776140584
0.935971298919628
0.976657898820067
0.982171784679101
0.935550821060306
0.909182490274079
0.928905511403203
0.930765294484056
0.896175560820138
0.893963894856430
0.928162761100843
0.930607003998715
0.891730474442717
0.973632541743413
0.971598944759481
0.907587776140584
0.935971298919628
0.982814034351289
0.938903202808399
0.912485965631923