400.424	132.948
404.669	130.187
408.909	-183.09
413.143	-140.489
417.374	52.3017
421.6	60.1796
425.822	23.3411
430.039	-25.211
434.253	31.4243
438.461	-116.96
442.664	-14.5582
446.866	-79.639
451.06	-13.556
455.251	-74.8652
459.437	136.933
463.619	-6.258
467.798	83.5548
471.97	-171.015
476.139	-55.582
480.303	-73.7388
484.464	10.1125
488.619	26.976
492.771	37.4024
496.916	168.864
501.057	144.692
505.196	115.502
509.329	37.9622
513.458	96.5867
517.583	35.876
521.704	-29.5665
525.82	62.7231
529.931	-7.035
534.037	-87.8407
538.14	-213.715
542.238	-305.457
546.332	-231.325
550.422	-274.729
554.506	-263.479
558.587	-338.653
562.663	-418.867
566.734	-78.2174
570.802	-80.7951
574.863	-108.776
578.922	-104.597
582.978	6.74033
587.027	30.4114
591.073	-197.661
595.112	-47.201
599.148	-221.183
603.18	-4.89032
607.209	-13.3381
611.231	0.534637
615.25	98.674
619.265	0.179382
623.274	13.1922
627.279	-5.92706
631.281	13.9061
635.278	-0.072937
639.27	61.7343
643.258	19.1107
647.243	-4.65906
651.222	-50.4243
655.195	-34.2876
659.166	-88.5143
663.131	44.6631
667.093	12.6921
671.051	-2.3075
675.001	74.9222
678.949	-10.0219
682.894	-9.92639
686.835	-64.9755
690.769	42.7705
694.7	52.3558
698.626	11.9103
702.548	-172.082
706.465	29.0929
710.378	101.623
714.287	46.707
718.192	-88.6555
722.09	79.6643
725.986	175.271
729.879	9.8147
733.766	-112.412
737.647	49.2524
741.526	128.429
745.4	106.797
749.268	169.404
753.133	59.5464
756.994	7.06641
760.851	-127.507
764.701	-92.467
768.547	-152.621
772.389	-78.2676
776.23	-46.7126
780.063	44.7576
783.893	88.5322
787.719	7.51416
791.541	-8.79565
795.356	-9.89478
799.168	-24.5872
802.977	-51.5747
806.781	-46.6543
810.58	31.9995
814.375	-104.769
818.162	13.6658
821.95	148.886
825.732	27.5249
829.509	164.417
833.282	-7.29834
837.05	-11.7007
840.814	43.2395
844.575	13.6248
848.33	90.3525
852.079	114.782
855.825	171.756
859.568	123.097
863.307	61.6946
867.04	47.7844
870.769	85.062
874.493	155.58
878.214	103.442
881.93	156.675
885.642	349.285
889.35	279.585
893.053	433.313
896.751	200.96
900.445	174.805
904.134	250.751
907.821	160.029
911.503	-39.3115
912.036	-67.9448
915.893	-8.92139
919.749	152.142
923.602	63.5747
927.45	23.9568
931.291	-92.6357
935.131	48.0615
938.965	74.3965
942.797	-120.789
946.624	-8.82715
950.447	-27.906
954.267	-49.6167
958.081	-179.291
961.891	16.7947
965.697	25.5381
969.498	172.03
973.298	161.71
977.092	56.1365
980.881	-58.1062
984.668	-183.665
988.45	-177.66
992.226	-69.002
996.001	168.65
999.772	562.373
1003.54	612.271
1007.3	296.012
1011.06	59.3524
1014.81	159.818
1018.56	-15.5164
1022.31	-0.551758
1026.05	-140.56
1029.78	63.8198
1033.52	159.666
1037.24	-155.423
1040.97	-172.795
1044.69	-304.585
1048.41	-44.2728
1052.12	-185.993
1055.83	159.335
1059.53	481.158
1063.23	542.315
1066.93	-115.981
1070.62	-130.446
1074.31	-229.805
1077.99	-166.3
1081.67	-6.16071
1085.35	-32.6591
1089.02	-28.5375
1092.69	-107.116
1096.35	-129.977
1100.01	-133.491
1103.67	-95.004
1107.32	-266.917
1110.97	-230.734
1114.61	-303.857
1118.25	-338.39
1121.88	-117.771
1125.52	181.729
1129.14	1050.46
1132.76	909.5
1136.38	286.335
1140	-214.73
1143.61	-236.677
1147.22	-186.176
1150.82	-106.075
1154.42	-50.2753
1158.01	135.375
1161.6	238.356
1165.19	358.946
1168.77	693.527
1172.35	625.948
1175.92	336.828
1179.49	401.788
1183.06	406.038
1186.62	388.83
1190.18	434.91
1193.73	452.851
1197.28	542.841
1200.83	721.842
1204.37	718.962
1207.91	684.762
1211.44	772.364
1214.97	765.014
1218.49	793.454
1222.01	783.375
1225.53	858.076
1229.04	972.826
1232.55	931.506
1236.06	863.936
1239.56	934.827
1243.06	833.108
1246.55	899.538
1250.04	946.109
1253.52	975.769
1257	877.3
1260.48	950.791
1263.95	899.371
1267.42	929.531
1270.88	816.652
1274.34	903.853
1277.8	784.483
1281.25	827.724
1284.7	846.395
1288.14	1033.27
1291.58	1998.08
1295.02	2308.76
1298.45	1566.29
1301.88	998.877
1305.3	889.987
1308.72	824.078
1312.14	723.648
1315.55	733.718
1318.96	626.69
1322.36	538.35
1325.76	585.88
1329.16	506.411
1332.54	485.711
1335.93	580.542
1339.32	491.882
1342.69	342.613
1346.07	405.283
1349.44	303.384
1352.81	243.164
1356.17	192.205
1359.53	136.765
1362.89	116.556
1364.21	115.616
1367.74	199.447
1371.27	233.867
1374.8	107.547
1378.32	118.548
1381.83	62.459
1385.34	92.9998
1388.85	102.51
1392.36	85.2402
1395.86	-135.911
1399.35	-14.873
1402.85	-48.498
1406.34	-30.6704
1409.82	45.1304
1413.3	371.991
1416.78	602.622
1420.26	561.402
1423.73	507.946
1427.19	440.203
1430.66	735.887
1434.12	1602.08
1437.57	2866.68
1441.02	2962.18
1444.47	1881.54
1447.91	1510.28
1451.36	1550.36
1454.79	1607.46
1458.23	1763.77
1461.65	1790.49
1465.08	1674.75
1468.5	1088.16
1471.92	867.157
1475.33	550.059
1478.74	386.071
1482.15	208.493
1485.55	206.898
1488.95	149.593
1492.34	46.4607
1495.73	7.73853
1499.12	-97.833
1502.5	-48.3826
1505.88	4.43823
1509.26	-116.961
1512.63	-82.0962
1516	34.2075
1519.36	-0.255615
1522.72	-109.009
1526.08	-7.56177
1529.43	16.116
1532.78	-20.9868
1536.13	76.7498
1539.47	45.6199
1542.81	81.7908
1546.14	72.7446
1549.47	99.4976
1552.79	84.2148
1556.12	112.438
1559.44	66.3955
1562.75	87.1462
1566.06	144.627
1569.37	156.167
1572.68	200.667
1575.97	264.265
1579.27	222.589
1582.56	176.336
1585.85	260.783
1589.14	257.16
1592.42	224.611
1595.69	312.625
1598.97	385.035
1602.24	429.34
1605.5	515.477
1608.76	515.354
1612.02	440.892
1615.28	497.389
1618.53	430.32
1621.77	371.674
1625.02	441.215
1628.26	446.329
1631.49	470.366
1634.72	501.324
1637.95	525.432
1641.17	650.703
1644.4	713.68
1647.61	708.534
1650.82	804.469
1654.03	771.633
1657.24	771.887
1660.44	862.285
1663.63	738.376
1666.83	863.913
1670.02	809.845
1673.2	782.599
1676.39	736.64
1679.56	659.988
1682.74	501.302
1685.91	455.53
1689.08	382.198
1692.24	378.869
1695.4	311.951
1698.56	232.972
1701.71	238.326
1704.86	169.791
1708	131.299
1711.14	124.587
1714.28	112.095
1717.41	130.646
1720.54	170.537
1723.67	52.9688
1726.79	72.2534
1729.91	-0.761719
1733.02	81.9866
1736.13	137.684
1739.24	48.5525
1742.34	76.7239
1745.44	-15.4048
1748.53	-94.53
1751.62	-83.2683
1754.71	25.6326
1757.8	30.3035
1760.88	-9.53589
1763.95	27.0938
1767.03	22.8647
1770.1	-74.2756
1773.16	-87.6963
1776.22	47.783
1778.67	-51.4553
1781.9	13.4343
1785.13	-57.0962
1788.36	7.7041
1791.59	13.9333
1794.81	-49.137
1798.03	-24.5378
1801.24	-12.9297
1804.45	-12.821
1807.66	-4.52222
1810.87	-79.4939
1814.06	-53.4065
1817.26	-39.2886
1820.46	-91.3508
1823.65	54.6365
1826.83	-19.6467
1830.01	-61.48
1833.19	-131.383
1836.37	40.3633
1839.54	15.8896
1842.71	-20.5842
1845.87	-117.179
1849.03	-81.7534
1852.19	-26.0784
1855.35	-57.4824
1858.5	-13.8276
1861.64	30.2053
1864.79	33.3018
1867.93	98.084
1871.06	38.4919
1874.2	-70.1658
1877.33	15.582
1880.45	138.066
1883.58	35.4243
1886.69	-30.8762
1889.81	8.80786
1892.92	72.5579
1896.03	5.52734
1899.13	-34.4668
1902.23	11.0889
1905.33	-50.7957
1908.42	-2.78394
1911.51	-55.2927
1914.6	5.29858
1917.69	-5.66968
1920.76	16.3633
1923.84	-55.929
1926.91	-90.6362
1929.98	-1.98267
1933.05	-34.6396
1936.11	-26.3606
1939.17	5.59814
1942.22	16.2534
1945.27	-59.3621
1948.32	-22.407
1951.36	-6.08838
1954.41	-11.7544
1957.44	10.4941
1960.48	49.5654
1963.51	69.2844
1966.53	-3.4895
1969.56	59.239
1972.57	68.0425
1975.59	68.8291
1978.6	78.7622
1981.61	109.416
1984.62	98.8694
1987.62	78.9807
1990.62	90.9417
1993.61	43.4604
1996.6	59.5889
1999.59	145.808
2002.57	39.2131
2005.55	32.0691
2008.53	-0.434814
2011.5	33.9287
2014.47	25.5024
2017.44	56.6855
2020.4	-8.53296
2023.36	20.238
2026.32	79.5884
2029.27	-79.6392
2032.22	-5.87793
2035.16	-51.0332
2038.1	-54.5078
2041.04	-112.343
2043.97	-126.084
2046.9	-146.966
2049.83	-36.2776
2052.76	-70.1189
2055.68	-73.7366
2058.59	-68.7014
2061.5	-59.7454
2064.41	-43.7798
2067.32	-52.5842
2070.22	-72.9155
2073.12	-22.9063
2076.01	-18.7837
2078.91	51.0454
2081.79	-8.85864
2084.68	-41.3362
2087.56	-21.3301
2090.44	-8.14331
2093.31	-30.7937
2096.18	-81.7043
2099.05	-72.2446
2101.91	44.3984
2104.77	36.4016
2107.63	9.28491
2110.48	22.0813
2113.33	-39.5417
2116.17	3.66846
2119.02	11.5049
2121.85	-8.7312
2124.69	99.8394
2127.52	49.2529
2130.35	-4.34351
2133.17	58.4241
2135.99	15.1011
2138.81	43.7485
2141.62	9.55884
2144.43	-53.23
2147.24	-76.3496
2150.04	-47.115
2152.84	-4.66089
2155.64	-3.24634
2157.47	-26.5508
2160.44	-124.276
2163.4	-64.1682
2166.37	47.5164
2169.32	-116.643
2172.28	-69.1345
2175.24	27.4834
2178.18	68.8286
2181.13	-28.7798
2184.07	84.6445
2187.01	-0.673828
2189.95	-59.3401
2192.88	-59.324
2195.81	4.3728
2198.74	-41.082
2201.66	-11.7434
2204.58	-18.0547
2207.5	-18.5369
2210.41	25.844
2213.32	-1.26538
2216.23	-32.3555
2219.13	30.4272
2222.03	-2.99976
2224.93	72.5227
2227.82	75.948
2230.71	87.5525
2233.6	112.608
2236.48	95.1545
2239.36	98.7219
2242.24	145.879
2245.11	126.608
2247.98	134.967
2250.84	77.3687
2253.71	36.7378
2256.57	107.529
2259.42	129.203
2262.28	93.4846
2265.13	120.778
2267.98	51.7019
2270.82	105.048
2273.66	89.0836
2276.49	132.472
2279.33	105.448
2282.16	3.51538
2284.98	99.8163
2287.8	71.4961
2290.63	66.9844
2293.44	104.367
2296.26	82.427
2299.07	77.7096
2301.87	110.074
2304.68	123.057
2307.48	55.7618
2310.27	18.9783
2313.06	50.6254
2315.85	23.1421
2318.64	77.4283
2321.42	18.5182
2324.2	-12.9131
2326.98	20.266
2329.75	-22.606
2332.52	4.57031
2335.29	3.72656
2338.05	-7.69763
2340.81	59.1287
2343.57	8.20483
2346.32	-70.519
2349.07	-104.482
2351.82	-6.10657
2354.56	-39.0902
2357.3	-104.494
2360.04	-42.7576
2362.77	-72.1913
2365.5	-143.654
2368.23	-52.0481
2370.95	-99.2117
2373.67	-155.555
2376.38	-129.449
2379.1	-107.052
2381.81	-87.2454
2384.51	-238.889
2387.22	-221.592
2389.92	-198.205
2392.61	-148.538
2395.3	-153.711
2397.99	-167.145
2400.68	-111.448
2403.36	-116.481
2406.04	-135.774
2408.72	-118.398
2411.39	-184.501
2414.06	-201.614
2416.73	-140.827
2419.39	-224.03
2422.05	-56.9229
2424.71	-226.486
2427.36	-196.898
2430.01	-57.241
2432.65	-181.775
2435.3	-132.597
2437.94	-124.93
2440.57	-85.692
2443.21	-18.9854
2445.84	18.592
2448.46	25.7394
2451.08	-39.2936
2453.7	-48.0559
2456.32	-37.74
2458.93	2.625
2461.54	33.5298
2464.15	46.045
2466.75	34.9666
2469.35	25.4393
2471.95	95.3712
2474.54	13.0408
2477.13	65.9303
2479.71	15.2177
2482.3	17.207
2484.87	62.9211
2487.45	37.048
2490.02	-18.4073
2492.59	-31.3636
2495.16	74.2614
2497.72	6.89307
2500.28	19.5745
2502.84	173.776
2505.47	26.8562
2508.2	-4.95728
2510.92	-55.3435
2513.65	100.142
2516.37	-52.0135
2519.08	-43.4026
2521.79	98.6082
2524.5	-110.731
2527.21	-72.1396
2529.91	3.20874
2532.61	-78.7831
2535.31	26.1459
2538	87.7618
2540.7	-17.0696
2543.38	-26.3672
2546.07	19.2692
2548.75	46.8969
2551.43	-15.1617
2554.1	-59.1432
2556.78	-8.57239
2559.44	47.7643
2562.11	55.5322
2564.77	13.4885
2567.43	90.7147
2570.09	-5.29968
2572.74	-15.8461
2575.39	89.9874
2578.04	23.5808
2580.68	66.2418
2583.32	118.412
2585.96	61.9333
2588.59	118.651
2591.22	99.3497
2593.85	116.678
2596.48	142.976
2599.1	-14.4292
2601.72	84.1567
2604.33	1.36951
2606.94	102.803
2609.55	80.3057
2612.16	126.299
2614.76	105.819
2617.36	22.3087
2619.96	85.6599
2622.55	-5.44312
2625.14	1.80579
2627.73	-35.3168
2630.31	-14.2249
2632.89	-34.4325
2635.47	-42.9104
2638.05	-9.06885
2640.62	-8.86938
2643.19	-64.5002
2645.75	-35.9946
2648.31	-34.2388
2650.87	11.9773
2653.43	-30.3167
2655.98	-10.3042
2658.53	-35.3811
2661.07	49.6978
2663.62	3.68091
2666.16	-12.1692
2668.69	-59.5029
2671.23	18.019
2673.76	12.8557
2676.28	4.23169
2678.81	-12.0313
2681.33	4.47485
2683.85	-15.4998
2686.36	64.8752
2688.87	107.37
2691.38	155.705
2693.89	192.2
2696.39	204.824
2698.89	209.288
2701.38	331.791
2703.87	394.133
2706.36	438.936
2708.85	581.199
2711.33	715.83
2713.81	832.102
2716.29	947.564
2718.76	1037.9
2721.23	1083.21
2723.7	1124.88
2726.16	1092.65
2728.62	974.174
2731.08	820.723
2733.54	617.683
2735.99	496.231
2738.43	349.219
2740.88	297.707
2743.32	226.154
2745.76	149.862
2748.2	175.159
2750.63	219.735
2753.06	111.531
2755.48	41.1658
2757.91	148.523
2760.33	86.7971
2762.74	151.021
2765.16	112.096
2767.57	29.8801
2769.97	83.1733
2772.38	15.6672
2774.78	-35.7302
2777.18	-10.647
2779.57	-3.62549
2781.96	-22.5737
2784.35	-12.4143
2786.73	-17.0986
2789.11	20.6069
2791.49	30.1934
2793.87	6.23877
2796.24	-47.876
2798.61	35.7988
2800.98	64.8936
2803.34	136.357
2805.7	211.081
2808.06	219.395
2810.41	191.739
2812.76	249.561
2815.11	349.643
2817.45	401.996
2819.79	525.348
2822.13	527.57
2824.32	720.346
2826.83	1150.02
2829.33	1527.56
2831.84	2193.87
2834.34	3313.12
2836.84	5088.64
2839.33	7409.66
2841.82	10040.6
2844.31	12015.7
2846.8	13128.2
2849.28	12805.6
2851.76	11656.8
2854.24	10554.2
2856.71	9780.89
2859.18	8958.2
2861.65	8503.58
2864.12	8173.09
2866.58	8161.89
2869.04	8491.01
2871.49	9047.27
2873.95	9789.02
2876.4	11691.7
2878.85	15639
2881.29	19214.9
2883.73	16496.5
2886.17	12134.6
2888.6	9584.61
2891.04	8620.48
2893.47	8073.59
2895.89	7920.12
2898.32	7638.19
2900.74	7482.78
2903.16	7215.66
2905.57	6859.16
2907.98	6512.73
2910.39	6162.28
2912.8	5910.9
2915.2	5743.24
2917.6	5706.54
2919.99	5839.74
2922.39	5893.58
2924.78	5925.3
2927.17	6078.3
2929.55	6235.91
2931.93	6236.06
2934.31	6178.41
2936.69	5948.04
2939.06	5705
2941.43	5226.25
2943.8	4719.14
2946.16	4234.02
2948.52	3605.59
2950.88	3198.34
2953.23	2962.3
2955.58	2885.17
2957.93	2775.46
2960.28	2610.52
2962.62	2494.81
2964.96	2369.11
2967.3	2142.26
2969.63	2076.78
2971.96	1897.14
2974.29	1856.84
2976.62	1686.28
2978.94	1616.17
2981.26	1476.12
2983.57	1394.21
2985.88	1284.45
2988.19	1159.79
2990.5	1069.53
2992.8	922.479
2995.1	851.087
2997.4	779.256
2999.7	727.624
3001.99	591.34
3004.28	496.817
3006.56	410.292
3008.85	325.61
3011.13	246.896
3013.4	249.011
3015.68	176.807
3017.95	121.181
3020.22	18.6563
3022.48	42.9202
3024.74	-52.5459
3027	-31.9219
3029.26	-76.0481
3031.51	-84.6353
3033.76	-181.282
3036.01	-105.819
3038.25	-98.8274
3040.49	-55.5952
3042.73	-61.8633
3044.96	-154.153
3047.2	-94.79
3049.43	-112.589
3051.65	-2.56934
3053.87	-17.5598
3056.09	-14.1521
3058.31	-11.7485
3060.52	30.5237
3062.74	52.4573
3064.94	22.2766
3067.15	18.1484
3069.35	-23.4839
3071.55	-13.124
3073.74	23.3635
3075.94	-16.4871
3078.13	-4.2395
3080.31	-100.066
3082.5	-79.488
3084.68	-112.552
3086.86	-184.219
3089.03	-134.865
3091.2	-210.682
3093.37	-123.5
3095.54	-188.317
3097.7	-209.356
3099.86	-113.536
3102.02	-83.3948
3104.17	-129.886
3106.32	-118.138
3108.47	-110.269
3110.61	-87.1929
3112.75	-91.1455
3114.89	-86.5686
3116.84	30.4666
3119.15	-43.9304
3121.46	-37.647
3123.76	24.5049
3126.07	51.0366
3128.37	40.7107
3130.66	19.4805
3132.96	49.2043
3135.25	126.711
3137.54	73.6079
3139.83	116.605
3142.11	25.6248
3144.39	115.436
3146.67	101.875
3148.95	133.724
3149.19	191.621
