400.424	304.308
404.669	454.634
408.909	215.747
413.143	234.377
417.374	244.518
421.6	40.0732
425.822	238.675
430.039	142.232
434.253	238.321
438.461	224.972
442.664	289.807
446.866	257.976
451.06	360.666
455.251	104.354
459.437	156.745
463.619	185.793
467.798	-1.85449
471.97	120.213
476.139	361.588
480.303	126.373
484.464	288.269
488.619	232.275
492.771	405.99
496.916	403.906
501.057	435.55
505.196	159.807
509.329	386.284
513.458	298.1
517.583	179.909
521.704	249.575
525.82	73.9834
529.931	276.139
534.037	188.391
538.14	209.344
542.238	75.1436
546.332	142.303
550.422	240.219
554.506	261.671
558.587	415.979
562.663	264.42
566.734	414.93
570.802	466.225
574.863	538.369
578.922	367.207
582.978	395.323
587.027	313.195
591.073	247.149
595.112	388.258
599.148	257.778
603.18	452.813
607.209	312.831
611.231	226.715
615.25	193.282
619.265	281.629
623.274	39.0439
627.279	286.84
631.281	320.42
635.278	228.477
639.27	255.137
643.258	287.712
647.243	252.871
651.222	252.698
655.195	210.288
659.166	297.97
663.131	276.015
667.093	267.042
671.051	142.148
675.001	187.867
678.949	204.24
682.894	285.09
686.835	227.003
690.769	125.758
694.7	63.7842
698.626	140.35
702.548	102.063
706.465	87.4004
710.378	236.236
714.287	231.479
718.192	352.81
722.09	206.867
725.986	484.601
729.879	279.005
733.766	367.542
737.647	316.412
741.526	290.288
745.4	292.141
749.268	406.9
753.133	416.457
756.994	459.745
760.851	209.937
764.701	272.857
768.547	331.798
772.389	152.358
776.23	86.8086
780.063	323.769
783.893	383.559
787.719	1603.13
791.541	1023.26
795.356	280.327
799.168	177.958
802.977	313.583
806.781	289.034
810.58	254.135
814.375	241.737
818.162	193.43
821.95	360.668
825.732	388.003
829.509	351.498
833.282	169.214
837.05	164.688
840.814	265.568
844.575	258.129
848.33	362.999
852.079	268.188
855.825	128.616
859.568	217.604
863.307	270.888
867.04	351.065
870.769	513.787
874.493	609.079
878.214	613.226
881.93	716.064
885.642	846.921
889.35	762.644
893.053	762.915
896.751	747.849
900.445	822.201
904.134	789.382
907.821	829.605
911.503	761.928
912.036	740.052
915.893	903.194
919.749	757.626
923.602	756.609
927.45	645.271
931.291	678.843
935.131	677.982
938.965	493.418
942.797	574.539
946.624	320.877
950.447	346.145
954.267	288.426
958.081	225.997
961.891	456.833
965.697	124.877
969.498	233.258
973.298	57.3652
977.092	378.177
980.881	505.824
984.668	328.327
988.45	350.899
992.226	423.496
996.001	442.247
999.772	620.681
1003.54	412.469
1007.3	376.993
1011.06	498.218
1014.81	314.257
1018.56	290.904
1022.31	213.801
1026.05	253.334
1029.78	220.307
1033.52	426.44
1037.24	180.153
1040.97	133.826
1044.69	121.636
1048.41	274.847
1052.12	220.895
1055.83	520.343
1059.53	1081.23
1063.23	1017.58
1066.93	499.329
1070.62	355.729
1074.31	534.332
1077.99	568.186
1081.67	643.243
1085.35	833.998
1089.02	748.55
1092.69	875.649
1096.35	706.088
1100.01	888.932
1103.67	775.271
1107.32	728.653
1110.97	584.438
1114.61	623.664
1118.25	517.589
1121.88	639.26
1125.52	916.585
1129.14	1783.6
1132.76	1799.48
1136.38	921.291
1140	386.806
1143.61	113.982
1147.22	79.7598
1150.82	188.475
1154.42	125.201
1158.01	23.1611
1161.6	91.416
1165.19	266.445
1168.77	502.331
1172.35	587.887
1175.92	125.517
1179.49	122.093
1183.06	203.443
1186.62	131.675
1190.18	32.5049
1193.73	108.337
1197.28	201.569
1200.83	129.221
1204.37	281.535
1207.91	200.126
1211.44	78.668
1214.97	51.4395
1218.49	185.527
1222.01	140.022
1225.53	22.3291
1229.04	54.7197
1232.55	21.3398
1236.06	69.5801
1239.56	67.9531
1243.06	79.3262
1246.55	163.712
1250.04	190.997
1253.52	183.228
1257	201.238
1260.48	174.679
1263.95	65.4854
1267.42	297.401
1270.88	262.912
1274.34	159.354
1277.8	198.446
1281.25	154.685
1284.7	283.575
1288.14	552.182
1291.58	1560.41
1295.02	2005.03
1298.45	1183.06
1301.88	559.447
1305.3	496.269
1308.72	504.539
1312.14	479.12
1315.55	434.374
1318.96	343.777
1322.36	398.204
1325.76	374.812
1329.16	407.678
1332.54	287.689
1335.93	294.77
1339.32	269.009
1342.69	221.164
1346.07	148.479
1349.44	115.597
1352.81	138.806
1356.17	70.2197
1359.53	163.094
1362.89	136.718
1364.21	82.8291
1367.74	181.475
1371.27	99.8125
1374.8	212.02
1378.32	228.034
1381.83	251.615
1385.34	412.469
1388.85	352.179
1392.36	447.257
1395.86	354.738
1399.35	389.089
1402.85	405.109
1406.34	653.313
1409.82	475.085
1413.3	997.229
1416.78	1372.78
1420.26	1201.68
1423.73	1066.55
1427.19	966.331
1430.66	1464.96
1434.12	2411.78
1437.57	3970.69
1441.02	4051.41
1444.47	2481.83
1447.91	2011.2
1451.36	1954.79
1454.79	1961.94
1458.23	2268.55
1461.65	2386
1465.08	2055.34
1468.5	1398.69
1471.92	1028.66
1475.33	552.271
1478.74	600.615
1482.15	457.372
1485.55	405.306
1488.95	272.001
1492.34	162.594
1495.73	147.867
1499.12	191.96
1502.5	-58.166
1505.88	110.902
1509.26	-32.9775
1512.63	-49.0029
1516	-94.5283
1519.36	-9.29102
1522.72	-6.27148
1526.08	-26.1621
1529.43	62.0088
1532.78	-86.5918
1536.13	-13.4609
1539.47	-51.0566
1542.81	-76.2705
1546.14	-31.9756
1549.47	62.9697
1552.79	11.0635
1556.12	-2.19238
1559.44	-69.7998
1562.75	-25.2471
1566.06	-146.925
1569.37	-107.114
1572.68	-94.0791
1575.97	-172.945
1579.27	-131.864
1582.56	-143.23
1585.85	-193.408
1589.14	-326.764
1592.42	-290.431
1595.69	-192.767
1598.97	-279.784
1602.24	-332.889
1605.5	-161.954
1608.76	-194.178
1612.02	-157.333
1615.28	-174.245
1618.53	-310.826
1621.77	-308.489
1625.02	-353.25
1628.26	-262.903
1631.49	-110.99
1634.72	-150.495
1637.95	-139.992
1641.17	-171.302
1644.4	-320.298
1647.61	-184.521
1650.82	-116.77
1654.03	-80.4775
1657.24	44.9961
1660.44	8.27148
1663.63	-160.099
1666.83	-100.514
1670.02	-222.814
1673.2	-313.513
1676.39	-210.094
1679.56	-162.188
1682.74	-195.118
1685.91	-256.994
1689.08	-262.745
1692.24	-298.621
1695.4	-389.628
1698.56	-376.895
1701.71	-376.469
1704.86	-338.912
1708	-327.29
1711.14	-305.706
1714.28	-283.801
1717.41	-361.51
1720.54	-356.418
1723.67	-251.797
1726.79	-170.929
1729.91	-151.781
1733.02	-107.575
1736.13	-161.073
1739.24	-97.6797
1742.34	-118.361
1745.44	-91.3447
1748.53	-150.244
1751.62	-122.731
1754.71	-76.3389
1757.8	-100.657
1760.88	-117.071
1763.95	-102.17
1767.03	-84.7139
1770.1	-73.8125
1773.16	-109.525
1776.22	-91.6992
1778.67	-161.606
1781.9	-247.813
1785.13	-243.203
1788.36	-67.5322
1791.59	-266.619
1794.81	-151.272
1798.03	-176.531
1801.24	-318.66
1804.45	-322.667
1807.66	-346.685
1810.87	-348.372
1814.06	-326.068
1817.26	-270.75
1820.46	-348.652
1823.65	-270.778
1826.83	-327.87
1830.01	-250.069
1833.19	-208.391
1836.37	-253.78
1839.54	-116.216
1842.71	-76.3691
1845.87	-175.945
1849.03	-165.164
1852.19	-17.791
1855.35	-156.599
1858.5	-111.854
1861.64	-43.8066
1864.79	-155.211
1867.93	-181.646
1871.06	-37.5947
1874.2	-113.377
1877.33	-165.259
1880.45	-82.2354
1883.58	-81.7744
1886.69	-109.27
1889.81	-244.066
1892.92	-92.2725
1896.03	-196.317
1899.13	-292.64
1902.23	-190.553
1905.33	-120.218
1908.42	-256.308
1911.51	-174.58
1914.6	-307.261
1917.69	-291.393
1920.76	-374.199
1923.84	-457.619
1926.91	-260.097
1929.98	-269.386
1933.05	-281.743
1936.11	-420.139
1939.17	-322.375
1942.22	-261.199
1945.27	-285.87
1948.32	-273.111
1951.36	-231.848
1954.41	-181.431
1957.44	-199.628
1960.48	-218.974
1963.51	-219.922
1966.53	-159.691
1969.56	-193.03
1972.57	-37.583
1975.59	-53.4961
1978.6	-65.7051
1981.61	-74.6953
1984.62	-27.4844
1987.62	-18.9707
1990.62	-12.0361
1993.61	9.19043
1996.6	20.3477
1999.59	31.9453
2002.57	26.3164
2005.55	-31.4336
2008.53	-64.8037
2011.5	-44.6191
2014.47	-163.077
2017.44	-128.177
2020.4	3.37598
2023.36	-193.434
2026.32	-293.553
2029.27	-285.321
2032.22	-309.331
2035.16	-273.72
2038.1	-299.79
2041.04	-331.578
2043.97	-309.748
2046.9	-345.431
2049.83	-404.58
2052.76	-412.35
2055.68	-461.493
2058.59	-430.237
2061.5	-392.344
2064.41	-416.2
2067.32	-287.584
2070.22	-433.727
2073.12	-363.609
2076.01	-266.819
2078.91	-439.491
2081.79	-374.989
2084.68	-335.47
2087.56	-357.747
2090.44	-444.622
2093.31	-328.027
2096.18	-284.357
2099.05	-268.478
2101.91	-177.978
2104.77	-206.658
2107.63	-225.488
2110.48	-230.317
2113.33	-204.367
2116.17	-48.8779
2119.02	-132.299
2121.85	-88.6543
2124.69	17.042
2127.52	25.376
2130.35	52.4395
2133.17	-57.0107
2135.99	-41.2207
2138.81	-73.5088
2141.62	-81.5117
2144.43	-102.795
2147.24	-172.958
2150.04	-141.034
2152.84	-121.809
2155.64	-166.992
2157.47	-136.202
2160.44	-242.71
2163.4	-180.586
2166.37	-253.002
2169.32	-312.536
2172.28	-259.542
2175.24	-293.688
2178.18	-50.4404
2181.13	-189.569
2184.07	-215.89
2187.01	-175.31
2189.95	-174.589
2192.88	-292.209
2195.81	-254.569
2198.74	-136.279
2201.66	-259.09
2204.58	-232.765
2207.5	-237.277
2210.41	-238.168
2213.32	-225.646
2216.23	-154.026
2219.13	-279.738
2222.03	-97.8936
2224.93	-136.977
2227.82	-156.914
2230.71	-191.182
2233.6	-111.61
2236.48	-92.2207
2239.36	-130.964
2242.24	-188.845
2245.11	-89.1611
2247.98	-110.806
2250.84	-177.114
2253.71	-97.7881
2256.57	-131.076
2259.42	-89.2148
2262.28	-13.4229
2265.13	-86.9902
2267.98	-62.8008
2270.82	-158.922
2273.66	-244.451
2276.49	-211.937
2279.33	-301.125
2282.16	-258.651
2284.98	-220.372
2287.8	-195.953
2290.63	-186.469
2293.44	-125.536
2296.26	-183.438
2299.07	-275.604
2301.87	-177.758
2304.68	-282.115
2307.48	-340.788
2310.27	-278.271
2313.06	-273.302
2315.85	-179.614
2318.64	-277.058
2321.42	-359.413
2324.2	-322.435
2326.98	-338.117
2329.75	-205.922
2332.52	-269.508
2335.29	-207.853
2338.05	-360.761
2340.81	-268.748
2343.57	-269.355
2346.32	-235.877
2349.07	-284.316
2351.82	-348.827
2354.56	-304.391
2357.3	-351.733
2360.04	-201.219
2362.77	-295.053
2365.5	-284.047
2368.23	-241.61
2370.95	-306.741
2373.67	-143.072
2376.38	-218.431
2379.1	-201.332
2381.81	-167.819
2384.51	-188.116
2387.22	-165.134
2389.92	-173.739
2392.61	-94.7627
2395.3	-189.424
2397.99	-192.168
2400.68	-122.381
2403.36	-157.99
2406.04	-139.559
2408.72	-135.602
2411.39	-79.5166
2414.06	-156.165
2416.73	-93.792
2419.39	-115.325
2422.05	37.6396
2424.71	-44.4688
2427.36	-64.2754
2430.01	-48.3418
2432.65	7.84277
2435.3	39.4072
2437.94	-81.9004
2440.57	-148.55
2443.21	-129.085
2445.84	-179.233
2448.46	-156.773
2451.08	-86.5039
2453.7	-82.4121
2456.32	-16.123
2458.93	-186.562
2461.54	-269.152
2464.15	-252.383
2466.75	-156.314
2469.35	-234.065
2471.95	-211.567
2474.54	-137.861
2477.13	-88.1758
2479.71	-152.152
2482.3	-211.966
2484.87	-178.644
2487.45	-256.221
2490.02	-257.92
2492.59	-138.388
2495.16	-219.298
2497.72	-183.487
2500.28	-216.879
2502.84	-284.398
2505.47	-167.364
2508.2	-157.688
2510.92	-219.614
2513.65	-321.553
2516.37	-278.768
2519.08	-318.812
2521.79	-251.336
2524.5	-281.041
2527.21	-334.234
2529.91	-317.504
2532.61	-235.934
2535.31	-356.734
2538	-189.591
2540.7	-264.843
2543.38	-322.889
2546.07	-401.32
2548.75	-288.614
2551.43	-259.257
2554.1	-270.349
2556.78	-216.822
2559.44	-299.614
2562.11	-195.446
2564.77	-214.479
2567.43	-253.762
2570.09	-210.746
2572.74	-230.489
2575.39	-378.241
2578.04	-213.294
2580.68	-312.657
2583.32	-336.252
2585.96	-215.186
2588.59	-238.094
2591.22	-142.51
2593.85	-113.689
2596.48	-173.416
2599.1	-242.461
2601.72	-217.207
2604.33	-67.0977
2606.94	-190.54
2609.55	-121.351
2612.16	-175.896
2614.76	-138.181
2617.36	-179.936
2619.96	-198.972
2622.55	-250.536
2625.14	-207.262
2627.73	-249.938
2630.31	-293.354
2632.89	-284.498
2635.47	-278.793
2638.05	-224.889
2640.62	-201.358
2643.19	-185.099
2645.75	-199.089
2648.31	-242.989
2650.87	-209.17
2653.43	-166.191
2655.98	-180.625
2658.53	-162.019
2661.07	-108.786
2663.62	-165.729
2666.16	-131.136
2668.69	-102.346
2671.23	-153.223
2673.76	-12.7021
2676.28	-148.233
2678.81	-162.854
2681.33	61.083
2683.85	-45.8506
2686.36	39.5967
2688.87	171.432
2691.38	247.257
2693.89	265.563
2696.39	325.497
2698.89	407.191
2701.38	487.893
2703.87	502.157
2706.36	636.388
2708.85	821.871
2711.33	942.562
2713.81	1163.81
2716.29	1269.68
2718.76	1471.07
2721.23	1487.95
2723.7	1427.62
2726.16	1399.72
2728.62	1233.51
2731.08	1041.6
2733.54	838.068
2735.99	669.894
2738.43	575.954
2740.88	422.539
2743.32	364.647
2745.76	315.247
2748.2	257.026
2750.63	294.368
2753.06	318.529
2755.48	262.774
2757.91	187.834
2760.33	119.861
2762.74	233.014
2765.16	161.082
2767.57	94.7754
2769.97	119.386
2772.38	90.0684
2774.78	109.009
2777.18	152.693
2779.57	97.3564
2781.96	36.5908
2784.35	14.6143
2786.73	116.049
2789.11	15.7168
2791.49	162.032
2793.87	156.1
2796.24	191.358
2798.61	159.189
2800.98	271.378
2803.34	236.13
2805.7	252.983
2808.06	434.915
2810.41	499.681
2812.76	489.285
2815.11	700.961
2817.45	837.74
2819.79	720.188
2822.13	1069.59
2824.32	1357.63
2826.83	1521.19
2829.33	2089.07
2831.84	2797.14
2834.34	4392.67
2836.84	6463.63
2839.33	9149.95
2841.82	12298.1
2844.31	14923.1
2846.8	15875.6
2849.28	15282.1
2851.76	13988.6
2854.24	12587.1
2856.71	11331
2859.18	10484.4
2861.65	9898.44
2864.12	9597
2866.58	9602.16
2869.04	9661.4
2871.49	10294.8
2873.95	11157.3
2876.4	13343
2878.85	18143.4
2881.29	22476.4
2883.73	18312.5
2886.17	12745.8
2888.6	10336.9
2891.04	9059.55
2893.47	8358.68
2895.89	8133.08
2898.32	7746.02
2900.74	7536.17
2903.16	7193.03
2905.57	6625.82
2907.98	6340.79
2910.39	5981.66
2912.8	5611.17
2915.2	5361.33
2917.6	5304.13
2919.99	5199.16
2922.39	5073.06
2924.78	5204.44
2927.17	5337.11
2929.55	5456.06
2931.93	5458.58
2934.31	5169.62
2936.69	4986.51
2939.06	4628.48
2941.43	4258.3
2943.8	3547.74
2946.16	3158.6
2948.52	2498.67
2950.88	2373.84
2953.23	2008.87
2955.58	2162.8
2957.93	2013.59
2960.28	1997.92
2962.62	1861.12
2964.96	1708.87
2967.3	1636.35
2969.63	1519.88
2971.96	1366.46
2974.29	1307.62
2976.62	1204.02
2978.94	1245.49
2981.26	1067.96
2983.57	1017.22
2985.88	883.909
2988.19	751.493
2990.5	762.826
2992.8	854.117
2995.1	663.699
2997.4	646.891
2999.7	507.073
3001.99	448.035
3004.28	412.819
3006.56	337.997
3008.85	328.131
3011.13	342.146
3013.4	174.939
3015.68	243.297
3017.95	100.61
3020.22	149.051
3022.48	176.607
3024.74	121.444
3027	39.3018
3029.26	92.7383
3031.51	-12.0811
3033.76	-36.2109
3036.01	-12.3193
3038.25	-21.4658
3040.49	37.7686
3042.73	38.4736
3044.96	96.9688
3047.2	126.302
3049.43	29.8584
3051.65	-20.7139
3053.87	21.5645
3056.09	-46.4082
3058.31	43.2686
3060.52	-27.7314
3062.74	16.7461
3064.94	96.2598
3067.15	97.627
3069.35	112.458
3071.55	-22.3311
3073.74	-61.3945
3075.94	-34.3828
3078.13	44.2354
3080.31	-69.8633
3082.5	-62.7568
3084.68	-73.4434
3086.86	-64.3516
3089.03	-125.193
3091.2	-79.0156
3093.37	-1.3457
3095.54	-121.578
3097.7	-55.2852
3099.86	-81.3701
3102.02	-5.68652
3104.17	-45.0781
3106.32	11.5313
3108.47	43.9307
3110.61	-0.24707
3112.75	-8.52441
3114.89	52.0586
3116.84	90.8145
3119.15	165.944
3121.46	55.3701
3123.76	53.3223
3126.07	33.1602
3128.37	1.85156
3130.66	-42.2813
3132.96	85.3828
3135.25	-37.9102
3137.54	204.132
3139.83	72.8018
3142.11	43.9014
3144.39	71.0518
3146.67	70.752
3148.95	14.0322
3149.19	5.38184
