400.424	88.6406
404.669	83.1738
408.909	79.6719
413.143	282.846
417.374	413.262
421.6	435.037
425.822	737.969
430.039	715.264
434.253	818.096
438.461	761.107
442.664	640.482
446.866	785.57
451.06	702.48
455.251	609.223
459.437	630.619
463.619	445.555
467.798	200.627
471.97	497.174
476.139	595.928
480.303	366.287
484.464	867.824
488.619	716.305
492.771	1107.76
496.916	1084.26
501.057	923.713
505.196	730.529
509.329	474.246
513.458	1024.54
517.583	680.717
521.704	685.396
525.82	713.791
529.931	456.695
534.037	373.008
538.14	300.266
542.238	250.23
546.332	94.125
550.422	170.447
554.506	169.555
558.587	245.311
562.663	274.277
566.734	-30.4629
570.802	279.123
574.863	213.65
578.922	279.064
582.978	211.949
587.027	177.973
591.073	259.676
595.112	457.611
599.148	108.426
603.18	288.703
607.209	350.459
611.231	236.354
615.25	300.021
619.265	377.262
623.274	440.541
627.279	472.504
631.281	495.65
635.278	297.375
639.27	358.178
643.258	414.564
647.243	511.338
651.222	515.98
655.195	326.201
659.166	337.109
663.131	389.793
667.093	457.164
671.051	465.215
675.001	470.43
678.949	422.137
682.894	381.43
686.835	279.707
690.769	264.514
694.7	320.107
698.626	163.785
702.548	109.158
706.465	302.084
710.378	322.205
714.287	330.844
718.192	448.752
722.09	268.244
725.986	419.492
729.879	525.285
733.766	476.65
737.647	299.234
741.526	266.574
745.4	467.219
749.268	424.34
753.133	452.373
756.994	398.768
760.851	378.361
764.701	440.801
768.547	412.74
772.389	316.643
776.23	391.443
780.063	509.281
783.893	397.631
787.719	235.203
791.541	195.297
795.356	333.221
799.168	385.461
802.977	305.814
806.781	217.992
810.58	402.193
814.375	382.516
818.162	326.361
821.95	314.58
825.732	261.572
829.509	349.357
833.282	257.271
837.05	423.984
840.814	268.838
844.575	95.7051
848.33	146.65
852.079	271.451
855.825	311.574
859.568	221.922
863.307	129.088
867.04	125.908
870.769	193.65
874.493	359.537
878.214	543.5
881.93	606.268
885.642	989.84
889.35	1203.3
893.053	967.836
896.751	785.27
900.445	953.873
904.134	914.594
907.821	815.889
911.503	854.127
912.036	838.744
915.893	1055.49
919.749	918.914
923.602	913.119
927.45	616.77
931.291	600.133
935.131	630.689
938.965	550.672
942.797	368.92
946.624	177.771
950.447	335.865
954.267	242.121
958.081	185.988
961.891	185.877
965.697	387.42
969.498	-5.14844
973.298	162.623
977.092	185.936
980.881	262.258
984.668	141.486
988.45	343.883
992.226	98.4434
996.001	114.596
999.772	341.037
1003.54	242.113
1007.3	196.602
1011.06	210.395
1014.81	158.736
1018.56	158.076
1022.31	151.406
1026.05	88.9316
1029.78	15.9961
1033.52	143.713
1037.24	130.459
1040.97	124.279
1044.69	90.5293
1048.41	134.277
1052.12	-51.4492
1055.83	943.627
1059.53	1783.43
1063.23	1151.73
1066.93	406.531
1070.62	184.561
1074.31	187.092
1077.99	148.381
1081.67	142.182
1085.35	122.98
1089.02	158.979
1092.69	377.076
1096.35	481.568
1100.01	590.762
1103.67	737.654
1107.32	510.143
1110.97	411.627
1114.61	554.016
1118.25	320.598
1121.88	712.98
1125.52	1377.27
1129.14	3114.04
1132.76	2432.27
1136.38	951.002
1140	401.734
1143.61	238.309
1147.22	52.1992
1150.82	-126.357
1154.42	177.16
1158.01	365.93
1161.6	267.641
1165.19	417.121
1168.77	815.42
1172.35	601.564
1175.92	391.396
1179.49	138.008
1183.06	223.662
1186.62	78.8262
1190.18	237.977
1193.73	270.244
1197.28	391.834
1200.83	388.713
1204.37	455.545
1207.91	443.285
1211.44	391.129
1214.97	197.203
1218.49	285.313
1222.01	243.26
1225.53	291.477
1229.04	414.598
1232.55	306.359
1236.06	254.26
1239.56	200.094
1243.06	214.258
1246.55	206.154
1250.04	337.252
1253.52	348.631
1257	358.27
1260.48	477.4
1263.95	460.939
1267.42	331.219
1270.88	328.342
1274.34	389.744
1277.8	583.598
1281.25	588.813
1284.7	777.758
1288.14	1189.78
1291.58	2832.35
1295.02	2969.5
1298.45	1800.6
1301.88	1139.76
1305.3	930.799
1308.72	868.305
1312.14	808.824
1315.55	736.756
1318.96	787.627
1322.36	696.352
1325.76	571.109
1329.16	641.635
1332.54	502.777
1335.93	571.848
1339.32	479.418
1342.69	414.813
1346.07	285.156
1349.44	297.045
1352.81	233.111
1356.17	221.963
1359.53	10.9199
1362.89	-25.0088
1364.21	10.582
1367.74	-9.35938
1371.27	24.5117
1374.8	-91.9785
1378.32	81.1768
1381.83	180.297
1385.34	-128.331
1388.85	163.201
1392.36	74.4531
1395.86	113.371
1399.35	229.415
1402.85	503.943
1406.34	526.478
1409.82	678.669
1413.3	1231.13
1416.78	1864.62
1420.26	1540.64
1423.73	1058.09
1427.19	1160.97
1430.66	1639.46
1434.12	2961.58
1437.57	4811.67
1441.02	4628.03
1444.47	2967.88
1447.91	2239.57
1451.36	2208.93
1454.79	2471.18
1458.23	2621.65
1461.65	2757.06
1465.08	2298.83
1468.5	1650.16
1471.92	1085.88
1475.33	652.217
1478.74	529.789
1482.15	372.212
1485.55	367.06
1488.95	366.899
1492.34	84.6523
1495.73	332.138
1499.12	330.005
1502.5	143.923
1505.88	315.859
1509.26	150.848
1512.63	235.203
1516	136.141
1519.36	276.153
1522.72	233.874
1526.08	239.694
1529.43	172.872
1532.78	340.192
1536.13	312.353
1539.47	332.802
1542.81	219.581
1546.14	311.753
1549.47	146.542
1552.79	190.802
1556.12	179.192
1559.44	18.832
1562.75	27.6123
1566.06	-80.9277
1569.37	-83.0586
1572.68	-157.783
1575.97	-201.035
1579.27	-202.744
1582.56	-218.136
1585.85	-269.967
1589.14	-476.43
1592.42	-445.257
1595.69	-500.525
1598.97	-473.341
1602.24	-326.785
1605.5	-240.447
1608.76	-259.23
1612.02	-263.902
1615.28	-244.433
1618.53	-273.943
1621.77	-218.78
1625.02	-103.189
1628.26	-125.296
1631.49	-181.681
1634.72	-90.3125
1637.95	-82.8164
1641.17	23.7822
1644.4	2.87793
1647.61	20.5889
1650.82	-15.1074
1654.03	48.123
1657.24	110.785
1660.44	-1.28125
1663.63	-43.123
1666.83	-67.1475
1670.02	-208.133
1673.2	-174.542
1676.39	-164.442
1679.56	-278.662
1682.74	-299.573
1685.91	-471.024
1689.08	-520.536
1692.24	-575.476
1695.4	-716.708
1698.56	-653.568
1701.71	-583.169
1704.86	-644.304
1708	-659.663
1711.14	-627.53
1714.28	-718.269
1717.41	-687.224
1720.54	-700.778
1723.67	-585.122
1726.79	-532.225
1729.91	-722.635
1733.02	-518.33
1736.13	-277.727
1739.24	-402.745
1742.34	-381.186
1745.44	-365.529
1748.53	-392.246
1751.62	-407.516
1754.71	-417.743
1757.8	-418.252
1760.88	-443.576
1763.95	-369.075
1767.03	-240.352
1770.1	-288.562
1773.16	-405.616
1776.22	-467.923
1778.67	-373.928
1781.9	-537.463
1785.13	-491.23
1788.36	-462.845
1791.59	-650.382
1794.81	-602.223
1798.03	-534.493
1801.24	-837.052
1804.45	-691.979
1807.66	-811.867
1810.87	-957.226
1814.06	-733.364
1817.26	-736.097
1820.46	-642.757
1823.65	-750.173
1826.83	-682.146
1830.01	-714.769
1833.19	-815.551
1836.37	-811.214
1839.54	-644.233
1842.71	-585.451
1845.87	-495.045
1849.03	-450.439
1852.19	-436.535
1855.35	-433.18
1858.5	-484.109
1861.64	-415.716
1864.79	-393.075
1867.93	-373.191
1871.06	-208.444
1874.2	-358.781
1877.33	-172.854
1880.45	-328.79
1883.58	-295.464
1886.69	-227.988
1889.81	-146.626
1892.92	-204.606
1896.03	-364.486
1899.13	-400.568
1902.23	-431.853
1905.33	-511.663
1908.42	-400.348
1911.51	-460.692
1914.6	-321.367
1917.69	-453.713
1920.76	-504.7
1923.84	-536.119
1926.91	-527.287
1929.98	-512.208
1933.05	-560.195
1936.11	-476.996
1939.17	-429.679
1942.22	-379.942
1945.27	-415.19
1948.32	-470.067
1951.36	-428.68
1954.41	-203.566
1957.44	-398.835
1960.48	-374.746
1963.51	-345.756
1966.53	-199.133
1969.56	-125.212
1972.57	-104.598
1975.59	1.76855
1978.6	-110.617
1981.61	11.8008
1984.62	-45.4434
1987.62	-68.2148
1990.62	-195.696
1993.61	-102.693
1996.6	27.9805
1999.59	-115.38
2002.57	-228.113
2005.55	-197.028
2008.53	-292.665
2011.5	-262.076
2014.47	-271.638
2017.44	-425.078
2020.4	-354.562
2023.36	-486.457
2026.32	-351.271
2029.27	-580.181
2032.22	-639.118
2035.16	-604.241
2038.1	-649.112
2041.04	-705.095
2043.97	-753.271
2046.9	-900.087
2049.83	-923.176
2052.76	-816.677
2055.68	-851.5
2058.59	-847.925
2061.5	-734.602
2064.41	-572.81
2067.32	-774.113
2070.22	-762.435
2073.12	-594.272
2076.01	-608.299
2078.91	-530.046
2081.79	-524.547
2084.68	-427.566
2087.56	-311.227
2090.44	-422.377
2093.31	-540.387
2096.18	-354.967
2099.05	-279.976
2101.91	-261.087
2104.77	-222.177
2107.63	-215.706
2110.48	-257.546
2113.33	-73.376
2116.17	-49.1641
2119.02	-107.385
2121.85	-150.583
2124.69	-49.1982
2127.52	-46.5566
2130.35	19.9639
2133.17	-42.3506
2135.99	-198.972
2138.81	-200.594
2141.62	-149.42
2144.43	-202.119
2147.24	-207.255
2150.04	-159.773
2152.84	-190.304
2155.64	-304.846
2157.47	-401.381
2160.44	-249.065
2163.4	-472.166
2166.37	-302.303
2169.32	-352.467
2172.28	-283.828
2175.24	-415.778
2178.18	-337.008
2181.13	-183.053
2184.07	-391.669
2187.01	-421.526
2189.95	-470.905
2192.88	-440.625
2195.81	-534.674
2198.74	-415.942
2201.66	-481.878
2204.58	-564.934
2207.5	-503.417
2210.41	-300.916
2213.32	-409.645
2216.23	-316.522
2219.13	-286.655
2222.03	-265.409
2224.93	-387.422
2227.82	-235.818
2230.71	-300.426
2233.6	-311.305
2236.48	-293.405
2239.36	-188.706
2242.24	-249.956
2245.11	-226.603
2247.98	-78.2373
2250.84	-190.493
2253.71	-152.278
2256.57	-166.585
2259.42	-217.173
2262.28	-190.969
2265.13	-179.289
2267.98	-199.267
2270.82	-167.398
2273.66	-217.38
2276.49	-148.521
2279.33	-221.182
2282.16	-368.356
2284.98	-344.701
2287.8	-262.666
2290.63	-314.099
2293.44	-306.097
2296.26	-316.266
2299.07	-369.743
2301.87	-388.567
2304.68	-345.339
2307.48	-254.953
2310.27	-304.476
2313.06	-327.89
2315.85	-376.341
2318.64	-344.032
2321.42	-423.209
2324.2	-441.149
2326.98	-455.067
2329.75	-328.941
2332.52	-348.415
2335.29	-377.297
2338.05	-308.515
2340.81	-264.633
2343.57	-196.193
2346.32	-187.436
2349.07	-224.889
2351.82	-251.4
2354.56	-186.788
2357.3	-110.727
2360.04	-245.854
2362.77	-240.248
2365.5	-175.542
2368.23	-222.516
2370.95	-139.559
2373.67	-254.562
2376.38	-349.915
2379.1	-305.187
2381.81	-317.649
2384.51	-377.223
2387.22	-331.484
2389.92	-346.455
2392.61	-320.238
2395.3	-382.105
2397.99	-481.586
2400.68	-459.927
2403.36	-346.657
2406.04	-218.477
2408.72	-408.967
2411.39	-378.557
2414.06	-320.067
2416.73	-455.556
2419.39	-423.117
2422.05	-559.016
2424.71	-458.256
2427.36	-242.996
2430.01	-294.776
2432.65	-387.346
2435.3	-393.396
2437.94	-242.258
2440.57	-278.016
2443.21	-435.957
2445.84	-535.226
2448.46	-361.982
2451.08	-327.409
2453.7	-300.648
2456.32	-315.865
2458.93	-221.866
2461.54	-327.37
2464.15	-355.261
2466.75	-189.699
2469.35	-391.767
2471.95	-258.745
2474.54	-259.627
2477.13	-306.16
2479.71	-265.688
2482.3	-313.501
2484.87	-388.843
2487.45	-443.341
2490.02	-416.563
2492.59	-286.776
2495.16	-262.444
2497.72	-410.873
2500.28	-416.054
2502.84	-496.399
2505.47	-475.304
2508.2	-360.704
2510.92	-383.458
2513.65	-662.137
2516.37	-574.862
2519.08	-335.122
2521.79	-499.454
2524.5	-517.687
2527.21	-339.629
2529.91	-396.335
2532.61	-643.963
2535.31	-562.94
2538	-600.31
2540.7	-485.311
2543.38	-626.071
2546.07	-728.672
2548.75	-624.594
2551.43	-659.496
2554.1	-417.369
2556.78	-476.852
2559.44	-462.366
2562.11	-477.429
2564.77	-367.362
2567.43	-481.367
2570.09	-519.022
2572.74	-399.064
2575.39	-425.135
2578.04	-460.036
2580.68	-288.421
2583.32	-292.356
2585.96	-320.213
2588.59	-232.881
2591.22	-208.792
2593.85	-260.003
2596.48	-305.892
2599.1	-161.607
2601.72	-203.264
2604.33	-215.932
2606.94	-253.253
2609.55	-324.683
2612.16	-209.092
2614.76	-236.798
2617.36	-231.412
2619.96	-196.188
2622.55	-314.127
2625.14	-346.442
2627.73	-460.704
2630.31	-363.825
2632.89	-247.849
2635.47	-397.41
2638.05	-340.483
2640.62	-253.134
2643.19	-393.387
2645.75	-491.889
2648.31	-309.4
2650.87	-300.834
2653.43	-313.267
2655.98	-347.39
2658.53	-355.071
2661.07	-436.284
2663.62	-366.775
2666.16	-378.79
2668.69	-383.372
2671.23	-311.336
2673.76	-209.457
2676.28	-365.247
2678.81	-219.059
2681.33	-92.7881
2683.85	-10.208
2686.36	-86.0068
2688.87	-50.4648
2691.38	-29.4863
2693.89	130.605
2696.39	307.468
2698.89	451.649
2701.38	505.864
2703.87	692.891
2706.36	823.274
2708.85	1132.12
2711.33	1237.58
2713.81	1454.49
2716.29	1670.5
2718.76	1757.81
2721.23	1905.95
2723.7	2031.93
2726.16	1777.48
2728.62	1533.45
2731.08	1257.55
2733.54	1073.99
2735.99	809.493
2738.43	676.529
2740.88	507.002
2743.32	379.688
2745.76	247.225
2748.2	264.657
2750.63	176.374
2753.06	186.112
2755.48	225.99
2757.91	333.987
2760.33	166.155
2762.74	213.495
2765.16	34.8984
2767.57	81.1621
2769.97	54.5869
2772.38	67
2774.78	11.8252
2777.18	101.975
2779.57	134.77
2781.96	43.9824
2784.35	-60.043
2786.73	28.7578
2789.11	12.4473
2791.49	190.088
2793.87	80.1992
2796.24	118.095
2798.61	284.492
2800.98	235.801
2803.34	294.264
2805.7	353.315
2808.06	498.249
2810.41	546.847
2812.76	622.346
2815.11	824.324
2817.45	958.29
2819.79	1167.56
2822.13	1370.23
2824.32	1594.8
2826.83	2037.13
2829.33	2897.16
2831.84	3973.02
2834.34	6071.83
2836.84	9073.33
2839.33	13100.1
2841.82	17231.6
2844.31	20986.4
2846.8	22460
2849.28	21294.8
2851.76	19535.5
2854.24	17246.8
2856.71	15724.4
2859.18	14605.7
2861.65	13793.5
2864.12	13250.8
2866.58	13095.6
2869.04	13434.4
2871.49	14412.6
2873.95	15865.7
2876.4	18972.7
2878.85	25539.3
2881.29	30388.8
2883.73	24324.4
2886.17	17471.9
2888.6	14199.1
2891.04	12719.7
2893.47	11949.7
2895.89	11620.8
2898.32	11228.7
2900.74	10971.7
2903.16	10417.7
2905.57	9715.25
2907.98	9151.54
2910.39	8619.62
2912.8	8300.48
2915.2	7969.3
2917.6	7873.95
2919.99	7683.03
2922.39	7738.02
2924.78	7783.36
2927.17	7791.84
2929.55	7997.02
2931.93	8054.62
2934.31	7935.12
2936.69	7645.86
2939.06	7011.04
2941.43	6213.94
2943.8	5347.98
2946.16	4493.24
2948.52	3717.63
2950.88	3410.29
2953.23	3311.56
2955.58	3220.74
2957.93	3091.34
2960.28	2989.55
2962.62	2775.96
2964.96	2532.83
2967.3	2393.8
2969.63	2285.54
2971.96	2005.24
2974.29	1945.36
2976.62	1734.02
2978.94	1650.39
2981.26	1576.87
2983.57	1484.22
2985.88	1418.91
2988.19	1356.79
2990.5	1154.27
2992.8	1064.7
2995.1	1014.51
2997.4	894.733
2999.7	903.084
3001.99	731.885
3004.28	647.424
3006.56	617.459
3008.85	512.18
3011.13	353.762
3013.4	358.13
3015.68	400.371
3017.95	424.499
3020.22	279.825
3022.48	299.564
3024.74	194.583
3027	212.262
3029.26	63.3848
3031.51	117.611
3033.76	121.309
3036.01	103.027
3038.25	61.9863
3040.49	113.987
3042.73	103.247
3044.96	-6.07031
3047.2	85.0703
3049.43	77.1436
3051.65	97.6084
3053.87	45.1738
3056.09	5.0791
3058.31	98.7949
3060.52	64.7031
3062.74	148.308
3064.94	193.598
3067.15	93.6465
3069.35	135.657
3071.55	33.832
3073.74	23.9355
3075.94	46.8193
3078.13	4.99219
3080.31	10.9541
3082.5	-14.9619
3084.68	-87.1885
3086.86	-93.7861
3089.03	-64.9443
3091.2	-188.712
3093.37	-286.55
3095.54	-127.908
3097.7	-6.27637
3099.86	-80.8643
3102.02	-67.2031
3104.17	-73.2119
3106.32	-118.73
3108.47	-105.635
3110.61	-106.386
3112.75	-112.586
3114.89	-120.305
3116.84	50.2441
3119.15	-6.64551
3121.46	50.9648
3123.76	51.585
3126.07	81.1045
3128.37	16.2344
3130.66	-35.9355
3132.96	99.8447
3135.25	1.02539
3137.54	-13.4053
3139.83	-39.8145
3142.11	11.9551
3144.39	-58.7852
3146.67	-56.5859
3148.95	22.2344
3149.19	100.635
