400.424	6.46777
404.669	95.6035
408.909	57.8408
413.143	115.597
417.374	221.913
421.6	425.099
425.822	422.783
430.039	359.021
434.253	293.991
438.461	420.726
442.664	265.211
446.866	331.271
451.06	203.76
455.251	411.469
459.437	287.809
463.619	238.574
467.798	115.662
471.97	224.094
476.139	274.75
480.303	283.754
484.464	344.049
488.619	287.713
492.771	398.764
496.916	430.082
501.057	459.977
505.196	388.415
509.329	459.339
513.458	473.034
517.583	473.402
521.704	510.045
525.82	509.98
529.931	339.741
534.037	249.982
538.14	178.749
542.238	468.095
546.332	417.946
550.422	179.396
554.506	287.437
558.587	320.126
562.663	260.857
566.734	126.323
570.802	230.651
574.863	129.19
578.922	209.813
582.978	71.8564
587.027	243.151
591.073	29.4307
595.112	90.8672
599.148	115.787
603.18	40.1777
607.209	154.353
611.231	61.0234
615.25	-40.2227
619.265	241.083
623.274	273.62
627.279	174.713
631.281	263.369
635.278	385.539
639.27	160.725
643.258	328.598
647.243	145.961
651.222	2.31055
655.195	94.8408
659.166	-19.7324
663.131	121.677
667.093	106.177
671.051	48.8672
675.001	-42.0664
678.949	80.2969
682.894	10.0488
686.835	-61.8076
690.769	-47.2363
694.7	-76.7725
698.626	-81.3232
702.548	-108.486
706.465	-90.1895
710.378	12.9951
714.287	141.802
718.192	281.275
722.09	183.032
725.986	140.243
729.879	115.297
733.766	173.127
737.647	146.369
741.526	326.565
745.4	326.108
749.268	203.651
753.133	280.629
756.994	258.291
760.851	256.881
764.701	274.662
768.547	102.771
772.389	92.7471
776.23	165.527
780.063	145.342
783.893	206.67
787.719	89.416
791.541	82.3789
795.356	41.4717
799.168	238.778
802.977	161.298
806.781	28.0059
810.58	271.482
814.375	13.9775
818.162	158.905
821.95	221.239
825.732	46.7471
829.509	172.245
833.282	118.873
837.05	168.298
840.814	49.1182
844.575	46.6387
848.33	149.76
852.079	157.062
855.825	79.3975
859.568	86.7705
863.307	123.977
867.04	6.46191
870.769	34.9619
874.493	158.691
878.214	217.854
881.93	358.716
885.642	534.959
889.35	620.669
893.053	433.223
896.751	401.886
900.445	212.264
904.134	390.064
907.821	251.18
911.503	294.287
912.036	293.88
915.893	634.509
919.749	232.262
923.602	512.139
927.45	343.193
931.291	442.479
935.131	360.335
938.965	247.313
942.797	276.354
946.624	88.2188
950.447	240.814
954.267	231.963
958.081	58.4863
961.891	107.741
965.697	275.766
969.498	53.2979
973.298	-106.929
977.092	52.6152
980.881	35.6885
984.668	48.2441
988.45	261.647
992.226	188.567
996.001	104.135
999.772	308.102
1003.54	353.403
1007.3	221.927
1011.06	31.5586
1014.81	64.1494
1018.56	-30.1592
1022.31	-99.1768
1026.05	27.6152
1029.78	239.758
1033.52	50.6504
1037.24	110.941
1040.97	1.4834
1044.69	196.058
1048.41	242.654
1052.12	354.326
1055.83	826.896
1059.53	1930.74
1063.23	1416.69
1066.93	587.535
1070.62	229.756
1074.31	191.377
1077.99	285.173
1081.67	407.469
1085.35	138.265
1089.02	214.563
1092.69	519.904
1096.35	459.427
1100.01	390.551
1103.67	431.074
1107.32	564.079
1110.97	422.084
1114.61	385.571
1118.25	270.659
1121.88	641.426
1125.52	1226.31
1129.14	2345.87
1132.76	2026.02
1136.38	596.678
1140	290.937
1143.61	152.64
1147.22	-21.1377
1150.82	-48.9482
1154.42	118.615
1158.01	63.542
1161.6	90.8242
1165.19	147.069
1168.77	492.25
1172.35	349.676
1175.92	119.309
1179.49	-101.38
1183.06	30.6719
1186.62	-146.143
1190.18	-57.6758
1193.73	46.4111
1197.28	-6.12891
1200.83	85.0205
1204.37	222.942
1207.91	27.7734
1211.44	87.1309
1214.97	108.016
1218.49	30.4053
1222.01	48.6035
1225.53	72.4727
1229.04	3.59766
1232.55	25.9648
1236.06	181.171
1239.56	-37.7373
1243.06	-0.713867
1246.55	-56.1035
1250.04	17.6074
1253.52	73.8555
1257	53.2637
1260.48	-55.6377
1263.95	-10.2959
1267.42	32.8057
1270.88	155.394
1274.34	263.561
1277.8	239.479
1281.25	350.306
1284.7	401.161
1288.14	918.234
1291.58	2478.36
1295.02	2591.7
1298.45	1418
1301.88	735.967
1305.3	593.436
1308.72	507.571
1312.14	405.02
1315.55	424.004
1318.96	431.829
1322.36	446.531
1325.76	353.764
1329.16	474.566
1332.54	313.532
1335.93	382.403
1339.32	296.644
1342.69	293.708
1346.07	118.295
1349.44	122.05
1352.81	41.5859
1356.17	-46.8682
1359.53	21.1777
1362.89	25.9424
1364.21	-2.34961
1367.74	142.176
1371.27	130.112
1374.8	265.188
1378.32	109.614
1381.83	259.545
1385.34	100.224
1388.85	89.8643
1392.36	82.3242
1395.86	187.064
1399.35	80.8447
1402.85	234.694
1406.34	310.165
1409.82	488.104
1413.3	835.415
1416.78	1308.65
1420.26	959.325
1423.73	714.745
1427.19	883.604
1430.66	1003.25
1434.12	1943.85
1437.57	3116.03
1441.02	2972.78
1444.47	1978.32
1447.91	1526.12
1451.36	1509.97
1454.79	1588.24
1458.23	1768.34
1461.65	1869.68
1465.08	1465.28
1468.5	1038.34
1471.92	709.005
1475.33	429.982
1478.74	255.901
1482.15	221.669
1485.55	80.8711
1488.95	88.1641
1492.34	116.183
1495.73	182.23
1499.12	170.229
1502.5	153.063
1505.88	106.117
1509.26	195.42
1512.63	221.21
1516	192.979
1519.36	191.03
1522.72	139.066
1526.08	189.804
1529.43	208.016
1532.78	-50.8291
1536.13	30.9697
1539.47	-51.3672
1542.81	7.52637
1546.14	-78.3838
1549.47	15.4258
1552.79	-5.98828
1556.12	-81.3789
1559.44	-35.6133
1562.75	-23.2012
1566.06	-109.709
1569.37	-96.7666
1572.68	-227.975
1575.97	-300.35
1579.27	-224.512
1582.56	-243.571
1585.85	-346.976
1589.14	-388.009
1592.42	-461.212
1595.69	-441.463
1598.97	-339.655
1602.24	-353.077
1605.5	-316.936
1608.76	-221.316
1612.02	-154.186
1615.28	-217.015
1618.53	-200.733
1621.77	-92.29
1625.02	-109.567
1628.26	-60.4053
1631.49	-180.488
1634.72	-48.8213
1637.95	-95.3252
1641.17	-110.492
1644.4	42.9043
1647.61	8.88281
1650.82	12.9482
1654.03	28.6455
1657.24	-77.3281
1660.44	-31.7949
1663.63	24.5293
1666.83	-165.449
1670.02	13.0537
1673.2	-61.5088
1676.39	-212.914
1679.56	-230.935
1682.74	-269.498
1685.91	-380.55
1689.08	-398.659
1692.24	-482.648
1695.4	-525.226
1698.56	-538.473
1701.71	-535.01
1704.86	-573.737
1708	-529.131
1711.14	-538.433
1714.28	-545.505
1717.41	-468.533
1720.54	-456.361
1723.67	-462.68
1726.79	-411.993
1729.91	-296.93
1733.02	-382.532
1736.13	-224.935
1739.24	-299.156
1742.34	-337.525
1745.44	-200.094
1748.53	-198.558
1751.62	-238.873
1754.71	-125.253
1757.8	-153.363
1760.88	-191.663
1763.95	-169.813
1767.03	-127.663
1770.1	-105.423
1773.16	-166.603
1776.22	-93.2324
1778.67	-18.3838
1781.9	-294.383
1785.13	-346.813
1788.36	-358.693
1791.59	-452.093
1794.81	-444.573
1798.03	-433.782
1801.24	-394.953
1804.45	-304.692
1807.66	-613.893
1810.87	-482.563
1814.06	-465.362
1817.26	-446.183
1820.46	-489.014
1823.65	-421.463
1826.83	-541.023
1830.01	-513.133
1833.19	-487.304
1836.37	-464.054
1839.54	-336.213
1842.71	-382.373
1845.87	-339.363
1849.03	-372.153
1852.19	-339.543
1855.35	-341.583
1858.5	-432.964
1861.64	-311.173
1864.79	-313.783
1867.93	-283.842
1871.06	-268.038
1874.2	-283.824
1877.33	-141.839
1880.45	-178.914
1883.58	-202.03
1886.69	-222.085
1889.81	-82.2891
1892.92	-290.205
1896.03	-274.264
1899.13	-195.771
1902.23	-227.378
1905.33	-276.716
1908.42	-407.372
1911.51	-313.688
1914.6	-459.134
1917.69	-403.15
1920.76	-427.203
1923.84	-437.038
1926.91	-462.171
1929.98	-340.706
1933.05	-560.408
1936.11	-427.369
1939.17	-525.811
1942.22	-504.381
1945.27	-499.041
1948.32	-471.631
1951.36	-482.89
1954.41	-358.39
1957.44	-486.037
1960.48	-433.196
1963.51	-249.292
1966.53	-285.231
1969.56	-195.479
1972.57	-210.621
1975.59	-181.521
1978.6	-209.663
1981.61	-52.2051
1984.62	-158.707
1987.62	-173.131
1990.62	-86.666
1993.61	-97.1602
1996.6	-133.082
1999.59	-76.7344
2002.57	-141.308
2005.55	-71.3574
2008.53	-151.131
2011.5	-219.322
2014.47	-147.593
2017.44	-257.586
2020.4	-390.967
2023.36	-411.058
2026.32	-311.068
2029.27	-400.02
2032.22	-523.601
2035.16	-427.711
2038.1	-529.529
2041.04	-540.622
2043.97	-577.929
2046.9	-568.673
2049.83	-569.248
2052.76	-522.653
2055.68	-503.982
2058.59	-623.012
2061.5	-605.291
2064.41	-525.594
2067.32	-626.098
2070.22	-465.234
2073.12	-395.788
2076.01	-413.346
2078.91	-471.391
2081.79	-438.169
2084.68	-333.656
2087.56	-315.694
2090.44	-309.584
2093.31	-339.566
2096.18	-203.118
2099.05	-263.7
2101.91	-325.957
2104.77	-238.994
2107.63	-202.17
2110.48	-167.532
2113.33	-131.786
2116.17	-169.701
2119.02	-121.744
2121.85	-210.086
2124.69	-169.671
2127.52	-132.229
2130.35	-143.406
2133.17	-173.079
2135.99	-170.563
2138.81	-239.745
2141.62	-239.493
2144.43	-264.611
2147.24	-319.558
2150.04	-303.562
2152.84	-278.376
2155.64	-383.202
2157.47	-506.405
2160.44	-477.159
2163.4	-416.886
2166.37	-424.17
2169.32	-274.234
2172.28	-359.72
2175.24	-483.796
2178.18	-353.746
2181.13	-354.5
2184.07	-166.176
2187.01	-350.293
2189.95	-572.329
2192.88	-414.357
2195.81	-410.987
2198.74	-357.512
2201.66	-397.518
2204.58	-478.144
2207.5	-347.399
2210.41	-284.781
2213.32	-407.094
2216.23	-422.057
2219.13	-458.784
2222.03	-391.835
2224.93	-316.236
2227.82	-333.383
2230.71	-375.338
2233.6	-231.664
2236.48	-146.756
2239.36	-208.346
2242.24	-330.587
2245.11	-113.663
2247.98	-135.13
2250.84	-202.281
2253.71	-174.507
2256.57	-128.919
2259.42	-233.975
2262.28	-151.477
2265.13	-99.9629
2267.98	-72.6094
2270.82	-101.171
2273.66	-309.383
2276.49	-165.52
2279.33	-79.2109
2282.16	-152.925
2284.98	-280.101
2287.8	-288.375
2290.63	-127.826
2293.44	-232.755
2296.26	-358.301
2299.07	-387.012
2301.87	-253.127
2304.68	-366.527
2307.48	-324.232
2310.27	-427.002
2313.06	-369.263
2315.85	-368.162
2318.64	-238.544
2321.42	-321.482
2324.2	-357.295
2326.98	-466.287
2329.75	-350.056
2332.52	-385.924
2335.29	-348.3
2338.05	-413.134
2340.81	-324.167
2343.57	-287.339
2346.32	-311.419
2349.07	-357.406
2351.82	-327.355
2354.56	-205.024
2357.3	-332.683
2360.04	-311.831
2362.77	-387.655
2365.5	-221.881
2368.23	-271.284
2370.95	-445.386
2373.67	-302.646
2376.38	-409.982
2379.1	-335.312
2381.81	-439.159
2384.51	-468.641
2387.22	-311.688
2389.92	-386.37
2392.61	-294.489
2395.3	-371.707
2397.99	-412.866
2400.68	-371.384
2403.36	-348.608
2406.04	-383.124
2408.72	-304.464
2411.39	-239.005
2414.06	-268.866
2416.73	-291.708
2419.39	-279.938
2422.05	-335.705
2424.71	-150.682
2427.36	-97.8145
2430.01	-171.189
2432.65	-222.461
2435.3	-151.804
2437.94	-97.0654
2440.57	-161.333
2443.21	-206.773
2445.84	-301.951
2448.46	-300.165
2451.08	-191.181
2453.7	-68.7061
2456.32	-137.209
2458.93	-218.681
2461.54	-180.352
2464.15	-297.213
2466.75	-87.0508
2469.35	-312.448
2471.95	-263.256
2474.54	-243.949
2477.13	-265.894
2479.71	-245.411
2482.3	-189.135
2484.87	-237.348
2487.45	-281.936
2490.02	-289.13
2492.59	-372.714
2495.16	-294.067
2497.72	-339.467
2500.28	-205.115
2502.84	-170.335
2505.47	-298.626
2508.2	-256.226
2510.92	-279.548
2513.65	-512.426
2516.37	-371.62
2519.08	-224.419
2521.79	-426.986
2524.5	-408.53
2527.21	-291.184
2529.91	-362.901
2532.61	-325.438
2535.31	-229.626
2538	-281.369
2540.7	-373.137
2543.38	-446.614
2546.07	-310.236
2548.75	-549.736
2551.43	-428.018
2554.1	-179.133
2556.78	-353.494
2559.44	-374.212
2562.11	-201.117
2564.77	-175.354
2567.43	-407.463
2570.09	-310.822
2572.74	-317.013
2575.39	-321.333
2578.04	-193.086
2580.68	-284.131
2583.32	-216.74
2585.96	-26.8672
2588.59	-190.978
2591.22	-161.326
2593.85	-260.074
2596.48	-200.403
2599.1	-245.524
2601.72	-93.085
2604.33	-234.727
2606.94	-336.719
2609.55	-269.62
2612.16	-147.701
2614.76	-283.145
2617.36	-200.798
2619.96	-186.711
2622.55	-278.655
2625.14	-379.199
2627.73	-361.482
2630.31	-396.843
2632.89	-375.204
2635.47	-395.705
2638.05	-303.416
2640.62	-244.538
2643.19	-182.363
2645.75	-225.468
2648.31	-194.283
2650.87	-193.318
2653.43	-174.855
2655.98	-159.913
2658.53	-104.031
2661.07	-224.713
2663.62	-94.7412
2666.16	-180.381
2668.69	-158.705
2671.23	-180.754
2673.76	-172.719
2676.28	-123.208
2678.81	-36.2617
2681.33	57.8096
2683.85	-13.9102
2686.36	-17.4658
2688.87	71.8193
2691.38	163.844
2693.89	231.08
2696.39	253.729
2698.89	273.934
2701.38	351.394
2703.87	552.064
2706.36	593.895
2708.85	798.834
2711.33	934.362
2713.81	998.438
2716.29	1163.02
2718.76	1211.7
2721.23	1388.31
2723.7	1302.46
2726.16	1265.89
2728.62	1138.85
2731.08	981.119
2733.54	860.942
2735.99	740.933
2738.43	569.891
2740.88	450.479
2743.32	346.996
2745.76	299.163
2748.2	331.43
2750.63	388.194
2753.06	291.779
2755.48	178.021
2757.91	173.767
2760.33	297.899
2762.74	289.73
2765.16	207.043
2767.57	132.234
2769.97	89.8125
2772.38	149.654
2774.78	223.433
2777.18	220.432
2779.57	142.398
2781.96	95.3848
2784.35	184.432
2786.73	95.1035
2789.11	157.362
2791.49	105.469
2793.87	156.348
2796.24	141.889
2798.61	215.423
2800.98	185.466
2803.34	215.687
2805.7	336.895
2808.06	446.684
2810.41	397.059
2812.76	345.634
2815.11	505.688
2817.45	683.548
2819.79	656.119
2822.13	937.08
2824.32	1052.75
2826.83	1392.53
2829.33	2043.54
2831.84	2708.55
2834.34	4117.54
2836.84	6311.32
2839.33	8961.29
2841.82	12219.5
2844.31	14508.4
2846.8	15890.5
2849.28	15366.6
2851.76	13857.5
2854.24	12555.1
2856.71	11436
2859.18	10529.8
2861.65	9994.23
2864.12	9659.86
2866.58	9491.8
2869.04	9853.25
2871.49	10558.7
2873.95	11489.1
2876.4	13502
2878.85	18405.8
2881.29	22806.7
2883.73	18810.1
2886.17	13279.7
2888.6	10781.1
2891.04	9699.11
2893.47	9103.55
2895.89	8694.78
2898.32	8305.49
2900.74	8290.6
2903.16	7910.7
2905.57	7404.82
2907.98	6967.69
2910.39	6658.44
2912.8	6305.48
2915.2	6005.81
2917.6	6096.86
2919.99	6055.46
2922.39	5890.46
2924.78	6033.92
2927.17	6134.43
2929.55	6265.66
2931.93	6298.81
2934.31	6225.07
2936.69	6039.26
2939.06	5496.12
2941.43	4945.7
2943.8	4403.98
2946.16	3688.35
2948.52	3249.76
2950.88	2882.03
2953.23	2658.55
2955.58	2690.68
2957.93	2581.74
2960.28	2556.9
2962.62	2405.67
2964.96	2186.2
2967.3	2056.44
2969.63	1837.64
2971.96	1804.91
2974.29	1717.99
2976.62	1573.2
2978.94	1441.25
2981.26	1424.1
2983.57	1368.92
2985.88	1285.28
2988.19	1165.4
2990.5	1075.41
2992.8	920.972
2995.1	902.915
2997.4	744.879
2999.7	719.063
3001.99	697.706
3004.28	589.017
3006.56	639.776
3008.85	499.565
3011.13	424.376
3013.4	411.827
3015.68	308.995
3017.95	239.706
3020.22	260.516
3022.48	216.665
3024.74	160.819
3027	149.234
3029.26	-91.5898
3031.51	5.125
3033.76	76.5107
3036.01	172.415
3038.25	-6.55957
3040.49	155.706
3042.73	136.332
3044.96	123.856
3047.2	29.3623
3049.43	102.677
3051.65	178.211
3053.87	39.2021
3056.09	52.9346
3058.31	92.2764
3060.52	132.854
3062.74	250.286
3064.94	148.791
3067.15	83.9102
3069.35	142.697
3071.55	95.9434
3073.74	91.3887
3075.94	132.444
3078.13	79.5596
3080.31	48.335
3082.5	-14.7402
3084.68	10.9443
3086.86	-21.6416
3089.03	-116.918
3091.2	-2.06055
3093.37	-86.2441
3095.54	-31.8467
3097.7	36.0625
3099.86	-103.145
3102.02	-48.3037
3104.17	-38.8066
3106.32	-95.3213
3108.47	-14.5752
3110.61	-5.85938
3112.75	-18.2549
3114.89	-85.0684
3116.84	-61.1914
3119.15	-120.517
3121.46	-70.541
3123.76	-81.9658
3126.07	-43.2822
3128.37	8.80371
3130.66	-18.9199
3132.96	34.2148
3135.25	-8.95801
3137.54	-21.1436
3139.83	18.5938
3142.11	-77.7002
3144.39	-1.00488
3146.67	-103.968
3148.95	-20.0107
3149.19	34.2139
