400.424	346.408
404.669	345.459
408.909	312.412
413.143	252.77
417.374	180.359
421.6	189.795
425.822	132.199
430.039	170.123
434.253	112.346
438.461	194.016
442.664	446.24
446.866	100.254
451.06	210.869
455.251	125.998
459.437	179.973
463.619	70.9785
467.798	6.2832
471.97	43.4883
476.139	202.809
480.303	282.881
484.464	271.197
488.619	283.707
492.771	266.201
496.916	369.543
501.057	395.729
505.196	211.271
509.329	374.574
513.458	423.066
517.583	224.908
521.704	526.211
525.82	495.492
529.931	372.891
534.037	264.699
538.14	163.021
542.238	215.123
546.332	48.8984
550.422	111.186
554.506	78.6133
558.587	367.971
562.663	319.883
566.734	177.783
570.802	165.875
574.863	246.867
578.922	288.809
582.978	85.2266
587.027	64.1445
591.073	109.129
595.112	197.182
599.148	60.6465
603.18	-17.0723
607.209	341.656
611.231	24.5801
615.25	186.227
619.265	412.15
623.274	171.816
627.279	140.012
631.281	153.215
635.278	158.107
639.27	79.2324
643.258	100.609
647.243	134.473
651.222	12.9082
655.195	43.2832
659.166	71.8594
663.131	306.496
667.093	202.656
671.051	170.578
675.001	336.357
678.949	104.219
682.894	155.236
686.835	76.8008
690.769	-11.1816
694.7	75.9121
698.626	-47.1328
702.548	42.4609
706.465	76.7246
710.378	95.6953
714.287	333.553
718.192	185.191
722.09	340.93
725.986	405.35
729.879	327.02
733.766	657.525
737.647	688.369
741.526	1144.11
745.4	1577.14
749.268	1180.17
753.133	848.66
756.994	718.799
760.851	466.324
764.701	608.307
768.547	371.779
772.389	155.381
776.23	138.41
780.063	128.613
783.893	82.8242
787.719	-7.48633
791.541	25.5391
795.356	46.9941
799.168	127.957
802.977	35.8262
806.781	0.439453
810.58	164.807
814.375	-0.623047
818.162	272.439
821.95	362.307
825.732	310.957
829.509	319.17
833.282	85.8125
837.05	203.9
840.814	136.52
844.575	-19.4297
848.33	70.8164
852.079	242.242
855.825	169.031
859.568	70.6348
863.307	138.686
867.04	144.855
870.769	301.455
874.493	570.873
878.214	568.699
881.93	546.119
885.642	778.846
889.35	1050.99
893.053	1327.51
896.751	1452.73
900.445	1072.48
904.134	1334.9
907.821	1342.22
911.503	1180.87
912.036	1144.18
915.893	1205.06
919.749	1160.79
923.602	1187.83
927.45	1091.09
931.291	1096.04
935.131	858.848
938.965	783.428
942.797	706.691
946.624	477.324
950.447	392.646
954.267	286.586
958.081	328.693
961.891	168.834
965.697	254.184
969.498	168.039
973.298	95.668
977.092	21.8555
980.881	215.258
984.668	87.5469
988.45	452.631
992.226	405.561
996.001	632.357
999.772	2101.22
1003.54	1809.49
1007.3	705.354
1011.06	331.252
1014.81	163.73
1018.56	57.0918
1022.31	39.5371
1026.05	350.859
1029.78	682.156
1033.52	375.912
1037.24	383.504
1040.97	214.041
1044.69	28.0078
1048.41	308.164
1052.12	125.814
1055.83	278.633
1059.53	480.336
1063.23	507.742
1066.93	429.732
1070.62	585.354
1074.31	487.393
1077.99	656.605
1081.67	662.6
1085.35	766.006
1089.02	926.469
1092.69	869.734
1096.35	946.982
1100.01	1125.31
1103.67	1279.87
1107.32	1042.47
1110.97	839.809
1114.61	969.992
1118.25	1265.56
1121.88	1417.06
1125.52	1678.62
1129.14	1592.98
1132.76	1172.32
1136.38	586.166
1140	398.258
1143.61	525.197
1147.22	380.852
1150.82	338.453
1154.42	480.402
1158.01	576.238
1161.6	475.555
1165.19	556.557
1168.77	602.803
1172.35	461.029
1175.92	469.328
1179.49	107.459
1183.06	168.816
1186.62	57.2305
1190.18	25.6074
1193.73	144.951
1197.28	254.527
1200.83	417.582
1204.37	625.584
1207.91	537.773
1211.44	373.676
1214.97	312.25
1218.49	290.205
1222.01	370.941
1225.53	556.193
1229.04	588.33
1232.55	577.889
1236.06	467.025
1239.56	525.248
1243.06	525.715
1246.55	360.955
1250.04	454.123
1253.52	480.17
1257	466.102
1260.48	334.238
1263.95	488.008
1267.42	448.172
1270.88	331.963
1274.34	630.596
1277.8	651.521
1281.25	565.088
1284.7	611.869
1288.14	659.289
1291.58	821.037
1295.02	1053.49
1298.45	1083.88
1301.88	1114.77
1305.3	1208.27
1308.72	1327.23
1312.14	1341.52
1315.55	1220.02
1318.96	1092.53
1322.36	1057.9
1325.76	1050.93
1329.16	929.078
1332.54	896.039
1335.93	1198.59
1339.32	1129.03
1342.69	989.021
1346.07	826.672
1349.44	836.992
1352.81	663.135
1356.17	642.617
1359.53	615.369
1362.89	451.953
1364.21	361.877
1367.74	402.107
1371.27	226.205
1374.8	2.99219
1378.32	-10.3105
1381.83	188.697
1385.34	236.385
1388.85	632.125
1392.36	678.021
1395.86	802.6
1399.35	731.861
1402.85	804.621
1406.34	863.4
1409.82	569.762
1413.3	718.676
1416.78	689.238
1420.26	806.197
1423.73	611.168
1427.19	700.73
1430.66	988.326
1434.12	1197.68
1437.57	1458.27
1441.02	1705.94
1444.47	1753.73
1447.91	1609.95
1451.36	1565.22
1454.79	1399.71
1458.23	1329.61
1461.65	1211.54
1465.08	1072.8
1468.5	873.77
1471.92	480.805
1475.33	394.176
1478.74	281.039
1482.15	107.633
1485.55	34.4238
1488.95	101.594
1492.34	179.25
1495.73	227.738
1499.12	273.346
1502.5	310.129
1505.88	379.59
1509.26	486.205
1512.63	361.5
1516	379.873
1519.36	569.352
1522.72	867.857
1526.08	942.283
1529.43	866.375
1532.78	1074.07
1536.13	1104.16
1539.47	1194.82
1542.81	1389.03
1546.14	1536.66
1549.47	1500.57
1552.79	1435.07
1556.12	1439.13
1559.44	1403.32
1562.75	1383.9
1566.06	1207.36
1569.37	1152.1
1572.68	1219.38
1575.97	1206.47
1579.27	1328.66
1582.56	1508.04
1585.85	1641.87
1589.14	1342.92
1592.42	1253.31
1595.69	1160.08
1598.97	1308.34
1602.24	1592.33
1605.5	1650.81
1608.76	1545.01
1612.02	1399.4
1615.28	1276.57
1618.53	1476.21
1621.77	1407.84
1625.02	1389.19
1628.26	1448.96
1631.49	1508.35
1634.72	1669.64
1637.95	1837.44
1641.17	1771.8
1644.4	1801.73
1647.61	1813.29
1650.82	1844.89
1654.03	1866.29
1657.24	1983.1
1660.44	1763.98
1663.63	1646.33
1666.83	1384.38
1670.02	1391.08
1673.2	1187.67
1676.39	972.763
1679.56	935.881
1682.74	911.173
1685.91	701.183
1689.08	582.201
1692.24	456.488
1695.4	452.45
1698.56	326.547
1701.71	40.7568
1704.86	-42.7441
1708	23.7314
1711.14	-22.1709
1714.28	-162.864
1717.41	-86.6934
1720.54	5.2373
1723.67	21.792
1726.79	-53.6787
1729.91	27.626
1733.02	-103.423
1736.13	-147.208
1739.24	-125.804
1742.34	15.0645
1745.44	-3.77539
1748.53	-101.649
1751.62	-40.5518
1754.71	14.0654
1757.8	-7.0625
1760.88	-45.251
1763.95	-4.02344
1767.03	10.2676
1770.1	-32.5127
1773.16	-38.1094
1776.22	-94.083
1778.67	-12.6016
1781.9	-148.008
1785.13	37.3496
1788.36	-58.4775
1791.59	-124.699
1794.81	-201.007
1798.03	-5.62109
1801.24	-45.0381
1804.45	-69.1523
1807.66	-68.6348
1810.87	3.7793
1814.06	8.24316
1817.26	-70
1820.46	-213.022
1823.65	48.4541
1826.83	-176.545
1830.01	-103.806
1833.19	-225.265
1836.37	-91.5586
1839.54	-97.1055
1842.71	-61.2734
1845.87	24.6465
1849.03	114.038
1852.19	-62.54
1855.35	-113.8
1858.5	-96.4473
1861.64	-181.504
1864.79	-3.14844
1867.93	2.25879
1871.06	-33.3779
1874.2	-12.1934
1877.33	135.214
1880.45	-85.9736
1883.58	14.5635
1886.69	-135.375
1889.81	-1.30859
1892.92	-68.9746
1896.03	-107.509
1899.13	-101.536
1902.23	-60.2383
1905.33	-152.541
1908.42	-211.914
1911.51	-163.617
1914.6	-62.4414
1917.69	-164.393
1920.76	-139.71
1923.84	-112.718
1926.91	-156.027
1929.98	-35.1719
1933.05	-71.541
1936.11	-128.31
1939.17	-85.3662
1942.22	-89.877
1945.27	-37.668
1948.32	-39.1318
1951.36	-74.8672
1954.41	-134.14
1957.44	-326.83
1960.48	-171.271
1963.51	-177.378
1966.53	-170.273
1969.56	-299.692
1972.57	-90.3525
1975.59	-105.396
1978.6	68.3057
1981.61	92.7939
1984.62	-116.03
1987.62	-36.2881
1990.62	9.74121
1993.61	13.5898
1996.6	-87.0059
1999.59	-98.2334
2002.57	-93.7656
2005.55	-39.9375
2008.53	-105.852
2011.5	-146.75
2014.47	-8.11719
2017.44	-139.539
2020.4	-215.773
2023.36	-170.623
2026.32	-195.748
2029.27	-171.182
2032.22	-146.094
2035.16	-152.803
2038.1	-78.5664
2041.04	-177.617
2043.97	-234.298
2046.9	-195.248
2049.83	-94.332
2052.76	-61.4736
2055.68	-40.4014
2058.59	-91.6416
2061.5	-205.94
2064.41	-129.488
2067.32	-39.4072
2070.22	-34.8701
2073.12	-126.084
2076.01	-159.732
2078.91	-173.252
2081.79	-148.056
2084.68	-134.428
2087.56	-235.352
2090.44	-138.822
2093.31	-128.113
2096.18	-119.467
2099.05	-94.7236
2101.91	-131.326
2104.77	-185.614
2107.63	-266.594
2110.48	-127.778
2113.33	-8.52637
2116.17	-81.5811
2119.02	-15.833
2121.85	-197.704
2124.69	-208.589
2127.52	-115.481
2130.35	-69.1494
2133.17	-169.505
2135.99	-149.515
2138.81	-156.354
2141.62	-157.998
2144.43	2.86035
2147.24	-13.4297
2150.04	-22.3389
2152.84	-37.5664
2155.64	-161.983
2157.47	-185.419
2160.44	-268.942
2163.4	-201.801
2166.37	-214.142
2169.32	-263.486
2172.28	-111.32
2175.24	-188.878
2178.18	-232.526
2181.13	-139.697
2184.07	-137.269
2187.01	-75.8525
2189.95	-241.835
2192.88	-142.077
2195.81	-115.243
2198.74	-89.9746
2201.66	-200.696
2204.58	-220.264
2207.5	-127.475
2210.41	-168.153
2213.32	-223.691
2216.23	-306.574
2219.13	-131.16
2222.03	-239.229
2224.93	-169.309
2227.82	-225.317
2230.71	-139.71
2233.6	-253.782
2236.48	-166.033
2239.36	-138.215
2242.24	-188.3
2245.11	-116.275
2247.98	-230.807
2250.84	-52.9854
2253.71	-168.37
2256.57	-160.924
2259.42	-187.711
2262.28	-98.21
2265.13	-17.1494
2267.98	-187.803
2270.82	-213.739
2273.66	-99.6152
2276.49	-58.9033
2279.33	-100.984
2282.16	-191.67
2284.98	-291.2
2287.8	-173.515
2290.63	-215.883
2293.44	-209.707
2296.26	-141.659
2299.07	-231.198
2301.87	-267.608
2304.68	-236.509
2307.48	-141.271
2310.27	-219.732
2313.06	-163.571
2315.85	-252.113
2318.64	-107.319
2321.42	-131.707
2324.2	-23.1064
2326.98	-98.5039
2329.75	-170.024
2332.52	-124.152
2335.29	-170.329
2338.05	-318.84
2340.81	-193.328
2343.57	-96.8994
2346.32	-74.4756
2349.07	-178.897
2351.82	-145.442
2354.56	-181.215
2357.3	-204.987
2360.04	-123.117
2362.77	-152.717
2365.5	-48.7012
2368.23	-126.511
2370.95	-196.04
2373.67	-60.251
2376.38	-214.837
2379.1	-149.693
2381.81	-393.938
2384.51	-339.643
2387.22	-21.3008
2389.92	-110.271
2392.61	-263.55
2395.3	-323.015
2397.99	-317.577
2400.68	-213.286
2403.36	-247.304
2406.04	-210.891
2408.72	-197.43
2411.39	-119.748
2414.06	-142.167
2416.73	-242.598
2419.39	-108.117
2422.05	-330.048
2424.71	-198.316
2427.36	-79.0518
2430.01	-187.619
2432.65	-57.7383
2435.3	-74.1123
2437.94	-79.9482
2440.57	-157.832
2443.21	-149.392
2445.84	-96.8838
2448.46	-101.391
2451.08	-124.3
2453.7	-46.6367
2456.32	-101.812
2458.93	-244.473
2461.54	-299.439
2464.15	-276.844
2466.75	-62.8809
2469.35	-245.986
2471.95	-77.8037
2474.54	-110.184
2477.13	-297.247
2479.71	-321.99
2482.3	-162.369
2484.87	-67.9648
2487.45	-95.4072
2490.02	-187.578
2492.59	-301.495
2495.16	-211.95
2497.72	-248.292
2500.28	-69.7695
2502.84	-282.057
2505.47	-284.781
2508.2	-213.696
2510.92	-300.851
2513.65	-400.471
2516.37	-222.805
2519.08	-141.982
2521.79	-248.91
2524.5	-251.241
2527.21	-173.707
2529.91	-187.306
2532.61	-225.327
2535.31	-156.302
2538	-281.509
2540.7	-176.236
2543.38	-164.191
2546.07	-89.9971
2548.75	-323.082
2551.43	-345.216
2554.1	-146.58
2556.78	-200.927
2559.44	-159.431
2562.11	-24.418
2564.77	-168.484
2567.43	-193.85
2570.09	-261.033
2572.74	-278.777
2575.39	-135.935
2578.04	-298.214
2580.68	-228.623
2583.32	-227.672
2585.96	-199.16
2588.59	-258.093
2591.22	-111.791
2593.85	-98.7852
2596.48	-135.474
2599.1	-120.192
2601.72	-225.568
2604.33	-124.607
2606.94	-6.53906
2609.55	-172.716
2612.16	-65.4834
2614.76	-192.649
2617.36	-122.661
2619.96	-114.464
2622.55	-107.638
2625.14	-188.657
2627.73	-202.523
2630.31	-332.631
2632.89	-186.795
2635.47	-241.357
2638.05	-164.405
2640.62	-231.986
2643.19	-317.708
2645.75	-141.825
2648.31	-144.408
2650.87	-123.099
2653.43	-204.826
2655.98	-261.148
2658.53	-220.098
2661.07	-123.62
2663.62	-48.7744
2666.16	-264.002
2668.69	-72.9033
2671.23	-163.48
2673.76	-134.992
2676.28	-43.876
2678.81	-164.635
2681.33	-67.665
2683.85	-41.8496
2686.36	-13.6182
2688.87	-31.8018
2691.38	63.8271
2693.89	92.291
2696.39	199.973
2698.89	251.258
2701.38	215.886
2703.87	246.207
2706.36	327.949
2708.85	299.163
2711.33	313.065
2713.81	379.332
2716.29	505.307
2718.76	560.989
2721.23	614.361
2723.7	510.287
2726.16	503.074
2728.62	518.794
2731.08	488.598
2733.54	401.357
2735.99	434.097
2738.43	392.289
2740.88	377.163
2743.32	313.8
2745.76	212.61
2748.2	254.362
2750.63	351.98
2753.06	234.009
2755.48	276.989
2757.91	217.191
2760.33	235.236
2762.74	396.762
2765.16	313.561
2767.57	262.107
2769.97	195.332
2772.38	250.276
2774.78	207.786
2777.18	165.356
2779.57	123.572
2781.96	114.214
2784.35	94.1104
2786.73	-57.1318
2789.11	-88.5684
2791.49	93.8369
2793.87	-16.6758
2796.24	12.5313
2798.61	71.165
2800.98	127.139
2803.34	146.384
2805.7	48.8291
2808.06	34.7324
2810.41	61.0088
2812.76	97.1445
2815.11	214.1
2817.45	281.803
2819.79	300.425
2822.13	331.021
2824.32	244.877
2826.83	479.018
2829.33	529.65
2831.84	538.337
2834.34	694.963
2836.84	1298.26
2839.33	1745.7
2841.82	2309.71
2844.31	2649.61
2846.8	2812.15
2849.28	3196
2851.76	3139.53
2854.24	3251.88
2856.71	3291.81
2859.18	3244.9
2861.65	3775.24
2864.12	3892.99
2866.58	4406.48
2869.04	5068.95
2871.49	5461.98
2873.95	5519.76
2876.4	5767.82
2878.85	6036.77
2881.29	6460.24
2883.73	5933.19
2886.17	5331.41
2888.6	5318.63
2891.04	5164.81
2893.47	5055.12
2895.89	5044.81
2898.32	5229.95
2900.74	5266.93
2903.16	5282.5
2905.57	5590.84
2907.98	5726.05
2910.39	5874.8
2912.8	5996.5
2915.2	6345.48
2917.6	6882.27
2919.99	7087.35
2922.39	7452.94
2924.78	7610.12
2927.17	7904.83
2929.55	8135.41
2931.93	8361.52
2934.31	8408.05
2936.69	8299.69
2939.06	8119.9
2941.43	7642.88
2943.8	7132.58
2946.16	6704.74
2948.52	6063.94
2950.88	5579.38
2953.23	5197.47
2955.58	4993.89
2957.93	4917.54
2960.28	4700.4
2962.62	4588.67
2964.96	4466.53
2967.3	4236.91
2969.63	4111.67
2971.96	3805.05
2974.29	3785.27
2976.62	3539.15
2978.94	3324.66
2981.26	3286.88
2983.57	2970.77
2985.88	2798.51
2988.19	2617.87
2990.5	2399.43
2992.8	2121.82
2995.1	1999.9
2997.4	1875.22
2999.7	1558.54
3001.99	1444.32
3004.28	1092.45
3006.56	1029.14
3008.85	758.747
3011.13	682.682
3013.4	607.081
3015.68	491.076
3017.95	409.751
3020.22	316.11
3022.48	276.813
3024.74	111.742
3027	126.493
3029.26	32.6416
3031.51	59.5244
3033.76	61.4023
3036.01	125.914
3038.25	132.445
3040.49	12.5068
3042.73	46.6611
3044.96	164.831
3047.2	189.377
3049.43	250.051
3051.65	400.837
3053.87	393.624
3056.09	496.894
3058.31	716.181
3060.52	774.712
3062.74	736.736
3064.94	757.859
3067.15	613.888
3069.35	477.406
3071.55	372.626
3073.74	395.318
3075.94	316.426
3078.13	152.989
3080.31	9.19727
3082.5	9.12598
3084.68	3.53027
3086.86	34.6758
3089.03	-15.1563
3091.2	-113.433
3093.37	-70.7813
3095.54	44.1133
3097.7	160.678
3099.86	140.248
3102.02	202.322
3104.17	250.353
3106.32	267.417
3108.47	312.136
3110.61	300.314
3112.75	364.879
3114.89	480.01
3116.84	441.717
3119.15	439.039
3121.46	440.165
3123.76	560.463
3126.07	676.834
3128.37	726.055
3130.66	586.764
3132.96	687.804
3135.25	720.266
3137.54	835.174
3139.83	710.627
3142.11	645.152
3144.39	751.825
3146.67	953.86
3148.95	970.885
3149.19	1070.84
