400.424	13.731
404.669	72.9927
408.909	78.531
413.143	-3.26172
417.374	12.8335
421.6	52.1062
425.822	-85.98
430.039	72.4802
434.253	-126.378
438.461	-142.766
442.664	-80.6799
446.866	109.704
451.06	-216.355
455.251	-7.02954
459.437	-33.5398
463.619	-31.1362
467.798	-135.415
471.97	36.1455
476.139	-107.076
480.303	93.9294
484.464	-146.546
488.619	-145.487
492.771	-77.1104
496.916	275.58
501.057	80.856
505.196	67.3315
509.329	88.6055
513.458	200.474
517.583	99.7388
521.704	179.303
525.82	15.0774
529.931	65.0049
534.037	1.28247
538.14	-97.7302
542.238	-197.053
546.332	-106.305
550.422	-139.844
554.506	-149.208
558.587	-129.725
562.663	-215.025
566.734	-204.9
570.802	-63.1003
574.863	-93.7212
578.922	27.5034
582.978	25.1013
587.027	-98.7791
591.073	-66.5178
595.112	-64.3828
599.148	18.7705
603.18	-81.2183
607.209	-76.9482
611.231	-19.7643
615.25	101.026
619.265	66.6537
623.274	-40.9082
627.279	130.07
631.281	127.452
635.278	-26.1926
639.27	-136.464
643.258	54.4783
647.243	15.4957
651.222	102.008
655.195	104.716
659.166	-58.3123
663.131	32.3566
667.093	-8.97894
671.051	78.0616
675.001	18.6528
678.949	7.08356
682.894	88.7767
686.835	-12.3469
690.769	9.5752
694.7	-29.4398
698.626	-1.85022
702.548	77.3218
706.465	-25.6024
710.378	21.2577
714.287	-34.7538
718.192	33.4547
722.09	80.29
725.986	223.535
729.879	222.891
733.766	166.772
737.647	186.777
741.526	46.2905
745.4	124.023
749.268	-13.1205
753.133	115.849
756.994	90.5499
760.851	1.46436
764.701	-220.385
768.547	-135.8
772.389	49.8994
776.23	111.904
780.063	122.038
783.893	171.985
787.719	121.047
791.541	100.123
795.356	-76.0731
799.168	24.0421
802.977	29.9689
806.781	-29.4552
810.58	-281.308
814.375	70.2028
818.162	-81.6595
821.95	-2.93774
825.732	40.1792
829.509	95.4668
833.282	5.58032
837.05	54.2866
840.814	112.265
844.575	117.731
848.33	112.694
852.079	90.323
855.825	23.3904
859.568	72.2759
863.307	-38.9375
867.04	-130.275
870.769	53.4446
874.493	164.857
878.214	98.2114
881.93	261.699
885.642	325.791
889.35	489.355
893.053	227.183
896.751	-44.7864
900.445	2.13843
904.134	49.2166
907.821	24.6759
911.503	-48.6102
912.036	-56.6719
915.893	-159.538
919.749	11.4883
923.602	189.484
927.45	-72.0934
931.291	55.0488
935.131	77.8849
938.965	-53.3208
942.797	-59.3411
946.624	46.0032
950.447	61.4185
954.267	-156.986
958.081	170.665
961.891	100.29
965.697	-88.5137
969.498	84.554
973.298	151.673
977.092	-133.488
980.881	-21.6184
984.668	-14.9739
988.45	-30.5983
992.226	106.697
996.001	229.576
999.772	840.404
1003.54	859.79
1007.3	532.368
1011.06	469.046
1014.81	313.588
1018.56	261.432
1022.31	276.875
1026.05	256.983
1029.78	175.954
1033.52	177.661
1037.24	23.7986
1040.97	180.769
1044.69	-168.193
1048.41	28.1587
1052.12	-64.8437
1055.83	227.454
1059.53	558.612
1063.23	303.266
1066.93	31.4355
1070.62	-288.823
1074.31	-248.873
1077.99	-105.864
1081.67	-151.449
1085.35	-68.2196
1089.02	88.2146
1092.69	-12.0532
1096.35	-169.692
1100.01	-265.108
1103.67	-181.273
1107.32	-384.628
1110.97	-387.79
1114.61	-303.045
1118.25	-327.809
1121.88	-311.61
1125.52	-3.09999
1129.14	607.751
1132.76	763.801
1136.38	145.052
1140	-118.297
1143.61	-128.278
1147.22	-55.4598
1150.82	16.8778
1154.42	-38.1309
1158.01	58.1022
1161.6	-8.26416
1165.19	125.959
1168.77	153.778
1172.35	292.24
1175.92	222.976
1179.49	-21.1143
1183.06	-24.597
1186.62	102.77
1190.18	90.4784
1193.73	107.066
1197.28	391.583
1200.83	382.461
1204.37	492.857
1207.91	620.164
1211.44	643.811
1214.97	578.548
1218.49	624.833
1222.01	660.81
1225.53	708.866
1229.04	734.051
1232.55	726.256
1236.06	805.722
1239.56	878.328
1243.06	846.002
1246.55	896.657
1250.04	886.282
1253.52	906.737
1257	844.801
1260.48	743.656
1263.95	764.59
1267.42	810.793
1270.88	650.367
1274.34	538
1277.8	631.223
1281.25	573.576
1284.7	527.65
1288.14	703.232
1291.58	1416.68
1295.02	1641.35
1298.45	1196.95
1301.88	839.151
1305.3	671.233
1308.72	517.695
1312.14	462.026
1315.55	469.507
1318.96	453.659
1322.36	399.839
1325.76	425.36
1329.16	358.781
1332.54	416.711
1335.93	326.321
1339.32	202.732
1342.69	336.972
1346.07	104.861
1349.44	-0.139648
1352.81	-53.7236
1356.17	-90.8718
1359.53	-76.5103
1362.89	16.3916
1364.21	65.0222
1367.74	65.7932
1371.27	158.855
1374.8	137.146
1378.32	121.768
1381.83	-28.8574
1385.34	-88.3425
1388.85	-75.968
1392.36	-31.6543
1395.86	25.4116
1399.35	3.73999
1402.85	54.176
1406.34	71.9541
1409.82	93.2458
1413.3	348.877
1416.78	608.049
1420.26	581.12
1423.73	398.964
1427.19	437.431
1430.66	471.135
1434.12	907.193
1437.57	1478.72
1441.02	1647.73
1444.47	1241.68
1447.91	1159.47
1451.36	1000.17
1454.79	1297.81
1458.23	1111.86
1461.65	1209.98
1465.08	953.945
1468.5	747.733
1471.92	498.441
1475.33	306.122
1478.74	352.653
1482.15	277.415
1485.55	256.168
1488.95	264.522
1492.34	183.768
1495.73	52.8142
1499.12	33.0212
1502.5	15.7502
1505.88	-63.3503
1509.26	-4.59277
1512.63	-10.9336
1516	-34.884
1519.36	-23.1113
1522.72	-43.1482
1526.08	48.2944
1529.43	49.7117
1532.78	62.6282
1536.13	93.8745
1539.47	76.4246
1542.81	92.2148
1546.14	149.149
1549.47	197.532
1552.79	154.04
1556.12	151.413
1559.44	197.171
1562.75	204.252
1566.06	206.273
1569.37	237.373
1572.68	250.534
1575.97	332.883
1579.27	391.327
1582.56	348.476
1585.85	296.464
1589.14	280.422
1592.42	264.964
1595.69	309.678
1598.97	307.601
1602.24	366.456
1605.5	422.604
1608.76	412.484
1612.02	439.403
1615.28	499.211
1618.53	550.834
1621.77	487.89
1625.02	471.753
1628.26	493.169
1631.49	548.269
1634.72	557.208
1637.95	625.468
1641.17	723.721
1644.4	805.821
1647.61	939.198
1650.82	978.155
1654.03	984.641
1657.24	1041.78
1660.44	980.359
1663.63	1047.83
1666.83	1081.28
1670.02	1035.86
1673.2	868.785
1676.39	824.469
1679.56	698.26
1682.74	680.638
1685.91	597.859
1689.08	424.25
1692.24	403.665
1695.4	330.48
1698.56	207.095
1701.71	193.004
1704.86	157.812
1708	124.564
1711.14	155.256
1714.28	62.3777
1717.41	-11.9861
1720.54	11.8794
1723.67	-19.9648
1726.79	-27.7158
1729.91	-20.1367
1733.02	-0.25415
1736.13	-9.16479
1739.24	52.8882
1742.34	41.0623
1745.44	-42.613
1748.53	7.32251
1751.62	42.1677
1754.71	19.4329
1757.8	-8.35181
1760.88	-32.2056
1763.95	-45.6477
1767.03	-35.9316
1770.1	-32.4539
1773.16	14.3748
1776.22	61.6433
1778.67	17.3882
1781.9	94.2483
1785.13	60.208
1788.36	-35.8918
1791.59	60.6785
1794.81	48.0898
1798.03	-7.25928
1801.24	-54.9067
1804.45	-36.3242
1807.66	-19.8816
1810.87	25.7493
1814.06	22.5991
1817.26	51.1309
1820.46	-103.077
1823.65	-75.5068
1826.83	67.2002
1830.01	-11.8218
1833.19	-50.5244
1836.37	39.123
1839.54	22.1584
1842.71	93.9333
1845.87	9.93628
1849.03	-11.9001
1852.19	13.3328
1855.35	33.9958
1858.5	22.9768
1861.64	105.265
1864.79	76.4858
1867.93	-47.5154
1871.06	72.3716
1874.2	162.3
1877.33	102.176
1880.45	60.4202
1883.58	58.0068
1886.69	-26.7212
1889.81	8.93335
1892.92	-26.2654
1896.03	5.85693
1899.13	51.8767
1902.23	61.8564
1905.33	48.7625
1908.42	-66.686
1911.51	-91.1748
1914.6	-39.5535
1917.69	-35.4417
1920.76	-22.3364
1923.84	-6.01807
1926.91	47.7468
1929.98	-81.988
1933.05	-42.1426
1936.11	23.229
1939.17	-85.1589
1942.22	-94.02
1945.27	-36.6509
1948.32	-24.6526
1951.36	-11.9868
1954.41	69.6816
1957.44	1.49438
1960.48	-3.71045
1963.51	-9.6377
1966.53	-0.838135
1969.56	16.7144
1972.57	-40.95
1975.59	-26.7156
1978.6	16.3086
1981.61	58.8638
1984.62	93.7781
1987.62	90.1833
1990.62	66.0088
1993.61	94.4749
1996.6	15.6824
1999.59	-8.45117
2002.57	69.9263
2005.55	82.9739
2008.53	-11.8884
2011.5	16.5203
2014.47	40.6189
2017.44	27.978
2020.4	65.8174
2023.36	29.4875
2026.32	-68.3701
2029.27	-33.2222
2032.22	-69.2842
2035.16	-85.7109
2038.1	-38.1069
2041.04	-78.7734
2043.97	-88.7939
2046.9	-50.5042
2049.83	-108.305
2052.76	-130.825
2055.68	-64.5996
2058.59	-84.1985
2061.5	-135.127
2064.41	-80.9858
2067.32	-104.665
2070.22	-107.237
2073.12	-52.7605
2076.01	-113.047
2078.91	-118.55
2081.79	-125.271
2084.68	-79.3682
2087.56	-1.42896
2090.44	-16.9202
2093.31	-54.2354
2096.18	-113.951
2099.05	-95.636
2101.91	-25.925
2104.77	33.9155
2107.63	14.2761
2110.48	-7.16187
2113.33	34.4919
2116.17	65.8796
2119.02	16.6729
2121.85	-18.9849
2124.69	13.1426
2127.52	61.9248
2130.35	10.0273
2133.17	-18.9661
2135.99	9.59082
2138.81	17.4373
2141.62	-80.4617
2144.43	-33.2107
2147.24	-17.7498
2150.04	-41.9636
2152.84	-42.8984
2155.64	-16.4231
2157.47	32.9438
2160.44	-54.1362
2163.4	-6.40186
2166.37	63.4878
2169.32	-37.4529
2172.28	-62.3687
2175.24	3.35547
2178.18	91.7886
2181.13	91.6479
2184.07	102.241
2187.01	36.4045
2189.95	-29.1223
2192.88	33.8457
2195.81	-30.7964
2198.74	-59.3022
2201.66	-0.842285
2204.58	56.6777
2207.5	3.70801
2210.41	35.2573
2213.32	74.8167
2216.23	54.7458
2219.13	50.4644
2222.03	20.6724
2224.93	51.2207
2227.82	106.789
2230.71	-6.7041
2233.6	56.4531
2236.48	101.24
2239.36	-10.1235
2242.24	73.333
2245.11	83.1394
2247.98	14.9851
2250.84	82.6096
2253.71	84.5959
2256.57	20.3503
2259.42	-1.44531
2262.28	23.2095
2265.13	26.074
2267.98	100.418
2270.82	-34.2788
2273.66	34.2395
2276.49	-36.5081
2279.33	18.9375
2282.16	36.3979
2284.98	65.8579
2287.8	32.8679
2290.63	14.1985
2293.44	23.396
2296.26	13.396
2299.07	100.383
2301.87	105.187
2304.68	24.4727
2307.48	83.8577
2310.27	34.5293
2313.06	100.171
2315.85	132.803
2318.64	-4.28687
2321.42	81.3826
2324.2	98.6221
2326.98	115.111
2329.75	67.4478
2332.52	116.144
2335.29	106.091
2338.05	98.7249
2340.81	84.1985
2343.57	73.6628
2346.32	64.3839
2349.07	16.9652
2351.82	41.7463
2354.56	44.0547
2357.3	-8.85437
2360.04	41.1528
2362.77	-10.8895
2365.5	-100.552
2368.23	16.7557
2370.95	13.0647
2373.67	-61.4467
2376.38	-40.7069
2379.1	-31.1364
2381.81	-27.4659
2384.51	-144.935
2387.22	-119.185
2389.92	-21.2334
2392.61	-71.7902
2395.3	-54.9181
2397.99	22.1443
2400.68	84.906
2403.36	-12.3492
2406.04	-37.375
2408.72	-34.3918
2411.39	-14.7474
2414.06	42.8416
2416.73	-4.45007
2419.39	-92.8601
2422.05	-51.9822
2424.71	25.078
2427.36	19.3663
2430.01	-41.3545
2432.65	14.796
2435.3	28.6942
2437.94	-28.5356
2440.57	-30.3962
2443.21	-51.6868
2445.84	-65.9476
2448.46	-6.37634
2451.08	-20.1376
2453.7	-23.9862
2456.32	-25.1174
2458.93	10.6934
2461.54	36.9332
2464.15	-15.6593
2466.75	119.431
2469.35	-29.2384
2471.95	-21.0378
2474.54	-40.1938
2477.13	32.0404
2479.71	-3.69275
2482.3	0.472046
2484.87	-40.6371
2487.45	-77.4897
2490.02	-4.54846
2492.59	-48.8881
2495.16	-77.3071
2497.72	-22.1331
2500.28	-56.7881
2502.84	95.7859
2505.47	15.4664
2508.2	49.6471
2510.92	-31.5597
2513.65	-59.1484
2516.37	-67.8059
2519.08	-74.9092
2521.79	-61.6127
2524.5	-61.9871
2527.21	21.3599
2529.91	-51.9613
2532.61	-8.70313
2535.31	-163.114
2538	13.3784
2540.7	-65.7924
2543.38	-95.028
2546.07	-130.026
2548.75	-36.412
2551.43	-127.887
2554.1	-12.3513
2556.78	-46.1367
2559.44	-111.437
2562.11	-123.41
2564.77	-98.3695
2567.43	-42.8296
2570.09	-121.99
2572.74	0.0524902
2575.39	-109.905
2578.04	3.42773
2580.68	-43.7473
2583.32	-66.7622
2585.96	-58.9307
2588.59	64.9978
2591.22	28.1863
2593.85	73.064
2596.48	-8.19727
2599.1	89.4521
2601.72	-3.5376
2604.33	30.0833
2606.94	114.665
2609.55	73.1062
2612.16	65.3176
2614.76	28.01
2617.36	56.7429
2619.96	-34.6438
2622.55	55.55
2625.14	-7.62524
2627.73	-28.8513
2630.31	-55.2556
2632.89	-48.8596
2635.47	17.4958
2638.05	-18.9485
2640.62	61.179
2643.19	66.3765
2645.75	52.5649
2648.31	56.2134
2650.87	34.5415
2653.43	30.6511
2655.98	-23.1487
2658.53	-16.1387
2661.07	-0.358398
2663.62	30.9604
2666.16	-51.1982
2668.69	-26.4248
2671.23	2.65649
2673.76	-117.871
2676.28	63.6736
2678.81	34.8469
2681.33	2.05127
2683.85	-26.6646
2686.36	0.541992
2688.87	27.8086
2691.38	78.1157
2693.89	104.171
2696.39	123.71
2698.89	127.418
2701.38	220.398
2703.87	283.687
2706.36	365.887
2708.85	292.037
2711.33	452.418
2713.81	511.109
2716.29	587.302
2718.76	634.925
2721.23	676.648
2723.7	718.962
2726.16	611.646
2728.62	577.691
2731.08	550.256
2733.54	460.102
2735.99	371.618
2738.43	275.037
2740.88	150.424
2743.32	165.552
2745.76	117.81
2748.2	178.949
2750.63	187.319
2753.06	179.109
2755.48	13.7712
2757.91	10.0117
2760.33	33.823
2762.74	47.5869
2765.16	106.859
2767.57	57.9722
2769.97	-25.5723
2772.38	-39.5786
2774.78	-14.8833
2777.18	2.4624
2779.57	4.89893
2781.96	-58.324
2784.35	1.88379
2786.73	-5.97754
2789.11	-58.5591
2791.49	75.6802
2793.87	-14.0413
2796.24	-22.9106
2798.61	57.3611
2800.98	-45.449
2803.34	9.47583
2805.7	22.6511
2808.06	9.92554
2810.41	84.6157
2812.76	146.205
2815.11	148.834
2817.45	260.76
2819.79	302.753
2822.13	253.029
2824.32	418.208
2826.83	684.157
2829.33	888.933
2831.84	1324.27
2834.34	2058.01
2836.84	3111.75
2839.33	4493.01
2841.82	6170.19
2844.31	7599.37
2846.8	8278.16
2849.28	8169.61
2851.76	7477.68
2854.24	6717.97
2856.71	6272.68
2859.18	5916.74
2861.65	5677.85
2864.12	5642.97
2866.58	5668.39
2869.04	5959.45
2871.49	6319.02
2873.95	7077.23
2876.4	8055.87
2878.85	10739.5
2881.29	12577.6
2883.73	10778.4
2886.17	7925.07
2888.6	6532.32
2891.04	6024.91
2893.47	5720.77
2895.89	5496.73
2898.32	5534.22
2900.74	5496.18
2903.16	5292.8
2905.57	5091.34
2907.98	4908.55
2910.39	4843.14
2912.8	4742.57
2915.2	4626.77
2917.6	4737.87
2919.99	4705.52
2922.39	4888.5
2924.78	5051.12
2927.17	5255.65
2929.55	5372.24
2931.93	5503.58
2934.31	5551.37
2936.69	5353.12
2939.06	5281.33
2941.43	5053.79
2943.8	4570.48
2946.16	4222.33
2948.52	3687.35
2950.88	3483.16
2953.23	3265.59
2955.58	3099.04
2957.93	3041.01
2960.28	2795.01
2962.62	2679.04
2964.96	2578.21
2967.3	2335.37
2969.63	2291.41
2971.96	2168.21
2974.29	2028.62
2976.62	1887.3
2978.94	1817.74
2981.26	1649.65
2983.57	1618.69
2985.88	1403.42
2988.19	1383.29
2990.5	1226.18
2992.8	1089.12
2995.1	958.448
2997.4	871.773
2999.7	840.027
3001.99	685.627
3004.28	531.047
3006.56	502.161
3008.85	476.13
3011.13	413.836
3013.4	354.995
3015.68	263.319
3017.95	214.749
3020.22	147.789
3022.48	148.783
3024.74	108.997
3027	-41.9683
3029.26	38.5967
3031.51	-21.2139
3033.76	21.605
3036.01	-41.2454
3038.25	-90.1409
3040.49	-114.096
3042.73	-98.1912
3044.96	-0.941895
3047.2	31.572
3049.43	-58.3489
3051.65	-5.78809
3053.87	19.9932
3056.09	79.4431
3058.31	51.7849
3060.52	131.181
3062.74	170.252
3064.94	136.644
3067.15	101.22
3069.35	85.0403
3071.55	47.2322
3073.74	72.6179
3075.94	46.6194
3078.13	-22.6643
3080.31	0.607178
3082.5	12.9934
3084.68	-8.625
3086.86	-60.6445
3089.03	-33.7285
3091.2	-45.012
3093.37	-53.6567
3095.54	-5.79956
3097.7	63.5017
3099.86	-24.8364
3102.02	-74.7974
3104.17	-103.055
3106.32	-68.8684
3108.47	-27.7966
3110.61	-14.4077
3112.75	0.376221
3114.89	-43.5903
3116.84	109.591
3119.15	-28.4939
3121.46	2.76611
3123.76	-23.0625
3126.07	12.7466
3128.37	109.539
3130.66	-15.5005
3132.96	-19.031
3135.25	7.23242
3137.54	-36.1631
3139.83	56.0605
3142.11	47.3198
3144.39	-58.3755
3146.67	-5.11621
3148.95	-13.5962
3149.19	67.3032
