400.424	-43.4151
404.669	28.941
408.909	-125.625
413.143	111.678
417.374	-24.7279
421.6	98.741
425.822	-109.512
430.039	145.515
434.253	-155.174
438.461	-90.2886
442.664	-166.028
446.866	-41.6712
451.06	-101.451
455.251	44.3533
459.437	-80.8763
463.619	-70.7739
467.798	-3.95239
471.97	-21.192
476.139	31.989
480.303	154.999
484.464	29.6287
488.619	-71.7072
492.771	-1.8219
496.916	40.9744
501.057	161.009
505.196	42.4327
509.329	60.9332
513.458	157.191
517.583	45.9534
521.704	408.463
525.82	113.083
529.931	-32.0878
534.037	14.9512
538.14	-199.098
542.238	-547.118
546.332	-603.917
550.422	-476.805
554.506	-563.719
558.587	-466.097
562.663	-131.58
566.734	-7.81299
570.802	-136.621
574.863	-112.354
578.922	-92.8152
582.978	-133.058
587.027	-199.926
591.073	-138.981
595.112	-28.3308
599.148	4.8114
603.18	-86.8876
607.209	9.93304
611.231	-71.9686
615.25	280.652
619.265	163.632
623.274	62.652
627.279	163.33
631.281	106.128
635.278	0.426056
639.27	-138.678
643.258	0.881409
647.243	15.273
651.222	141.608
655.195	99.8198
659.166	35.1915
663.131	44.743
667.093	85.582
671.051	134.641
675.001	172.04
678.949	294.098
682.894	275.844
686.835	135.508
690.769	162.083
694.7	104.545
698.626	32.9583
702.548	103.989
706.465	8.36865
710.378	71.5085
714.287	58.9009
718.192	200.635
722.09	233.044
725.986	345.975
729.879	322.837
733.766	270.564
737.647	279.455
741.526	205.566
745.4	255.13
749.268	88.3596
753.133	176.32
756.994	49.6233
760.851	-61.1694
764.701	-160.954
768.547	-233.208
772.389	-151.331
776.23	-11.9453
780.063	-89.4983
783.893	-79.2271
787.719	-104.326
791.541	-135.493
795.356	-218.504
799.168	-298.493
802.977	-184.559
806.781	-195.686
810.58	-246.773
814.375	20.5693
818.162	-1.22461
821.95	-26.425
825.732	178.886
829.509	152.823
833.282	259.701
837.05	105.525
840.814	0.560059
844.575	2.61548
848.33	57.2292
852.079	38.1702
855.825	59.1306
859.568	139.508
863.307	76.4497
867.04	65.51
870.769	259.463
874.493	297.881
878.214	255.149
881.93	560.363
885.642	878.289
889.35	933.599
893.053	541.683
896.751	447.883
900.445	474.386
904.134	281.456
907.821	264.711
911.503	154.632
912.036	144.083
915.893	-12.198
919.749	268.915
923.602	98.2063
927.45	10.5654
931.291	119.374
935.131	56.9771
938.965	-11.0271
942.797	-164.419
946.624	22.4187
950.447	12.1968
954.267	-198.467
958.081	-6.21997
961.891	47.9705
965.697	81.8047
969.498	67.5635
973.298	216.009
977.092	-163.533
980.881	-198.147
984.668	-40.5886
988.45	-192.924
992.226	4.20996
996.001	256.226
999.772	737.68
1003.54	772.485
1007.3	494.061
1011.06	365.737
1014.81	286.451
1018.56	442.266
1022.31	253.781
1026.05	299.535
1029.78	92.0278
1033.52	138.281
1037.24	-21.5518
1040.97	167.825
1044.69	-32.5752
1048.41	241.529
1052.12	263.549
1055.83	1094.37
1059.53	2361.91
1063.23	1942.05
1066.93	717.901
1070.62	129.861
1074.31	32.5279
1077.99	-32.0911
1081.67	-18.0031
1085.35	-65.1396
1089.02	-12.495
1092.69	-304.251
1096.35	-367.816
1100.01	-183.882
1103.67	-109.747
1107.32	-19.8778
1110.97	-143.982
1114.61	-30.165
1118.25	35.4513
1121.88	341.491
1125.52	1280.21
1129.14	3085.97
1132.76	2920.03
1136.38	1200.39
1140	297.051
1143.61	66.8329
1147.22	-81.0846
1150.82	-12.9805
1154.42	-68.6345
1158.01	135.252
1161.6	300.54
1165.19	511.518
1168.77	764.35
1172.35	1034.12
1175.92	767.634
1179.49	679.713
1183.06	839.382
1186.62	841.638
1190.18	979.044
1193.73	1042.51
1197.28	1186.57
1200.83	1285.75
1204.37	1407.09
1207.91	1458.95
1211.44	1379.49
1214.97	1395.19
1218.49	1426.81
1222.01	1550.67
1225.53	1583.19
1229.04	1548.71
1232.55	1594.25
1236.06	1643.44
1239.56	1627.33
1243.06	1671.61
1246.55	1731.53
1250.04	1578.71
1253.52	1705.97
1257	1603.07
1260.48	1594.09
1263.95	1560.98
1267.42	1573.72
1270.88	1527.26
1274.34	1447.34
1277.8	1443.04
1281.25	1402.92
1284.7	1531.96
1288.14	2067.89
1291.58	4205.1
1295.02	4786.46
1298.45	3100.63
1301.88	1865.06
1305.3	1538.53
1308.72	1392.02
1312.14	1281.92
1315.55	1246.38
1318.96	1191.57
1322.36	1070.75
1325.76	1051.72
1329.16	981.218
1332.54	976.965
1335.93	811.814
1339.32	811.995
1342.69	842.508
1346.07	751.843
1349.44	584.675
1352.81	459.307
1356.17	461.946
1359.53	408.594
1362.89	436.982
1364.21	474.333
1367.74	518.597
1371.27	543.19
1374.8	366.274
1378.32	393.965
1381.83	133.832
1385.34	64.1685
1388.85	1.29443
1392.36	66.2407
1395.86	-11.6372
1399.35	9.30029
1402.85	-80.3794
1406.34	175.501
1409.82	374.063
1413.3	898.173
1416.78	1675
1420.26	1477.11
1423.73	945.658
1427.19	893.569
1430.66	939.47
1434.12	2001.91
1437.57	3353.35
1441.02	3365.5
1444.47	2378.32
1447.91	1982.85
1451.36	1879.15
1454.79	2161.27
1458.23	2174.18
1461.65	2192.75
1465.08	1978.15
1468.5	1530.66
1471.92	1038.72
1475.33	577.756
1478.74	410.76
1482.15	323.114
1485.55	364.128
1488.95	255.202
1492.34	148.377
1495.73	42.7007
1499.12	-98.8447
1502.5	-109.55
1505.88	-65.2246
1509.26	24.7002
1512.63	15.8555
1516	-63.6494
1519.36	56.8564
1522.72	-90.6426
1526.08	-8.05615
1529.43	77.7412
1532.78	73.5386
1536.13	78.3247
1539.47	61.7417
1542.81	62.2495
1546.14	102.025
1549.47	161.793
1552.79	210.619
1556.12	127.355
1559.44	212.261
1562.75	237.008
1566.06	193.745
1569.37	237.891
1572.68	262.757
1575.97	301.233
1579.27	337.81
1582.56	344.576
1585.85	270.032
1589.14	268.258
1592.42	130.804
1595.69	223.959
1598.97	219.296
1602.24	323.961
1605.5	434.837
1608.76	426.473
1612.02	457.548
1615.28	441.284
1618.53	481.14
1621.77	497.505
1625.02	455.47
1628.26	493.686
1631.49	511.551
1634.72	550.747
1637.95	606.972
1641.17	694.957
1644.4	824.702
1647.61	958.197
1650.82	1001.72
1654.03	945.647
1657.24	1009.71
1660.44	935.826
1663.63	931.782
1666.83	993.516
1670.02	939.701
1673.2	832.085
1676.39	665.67
1679.56	711.344
1682.74	614.909
1685.91	449.704
1689.08	420.338
1692.24	286.683
1695.4	232.787
1698.56	150.15
1701.71	89.8452
1704.86	76.1284
1708	67.583
1711.14	85.8579
1714.28	-5.56934
1717.41	-49.7249
1720.54	-92.9512
1723.67	-0.867188
1726.79	-0.0439453
1729.91	53.1641
1733.02	-59.4131
1736.13	28.761
1739.24	55.6345
1742.34	75.582
1745.44	78.5708
1748.53	29.1433
1751.62	-7.51465
1754.71	-27.8813
1757.8	-11.4988
1760.88	-17.7813
1763.95	5.94019
1767.03	49.0474
1770.1	24.1995
1773.16	41.8262
1776.22	70.2322
1778.67	67.969
1781.9	-5.03247
1785.13	31.3252
1788.36	32.8638
1791.59	89.9722
1794.81	23.4158
1798.03	-12.6619
1801.24	4.95605
1804.45	-10.8962
1807.66	49.1213
1810.87	-73.0806
1814.06	32.3455
1817.26	82.0078
1820.46	-73.05
1823.65	23.0869
1826.83	22.7185
1830.01	-10.9097
1833.19	-49.0886
1836.37	-22.8877
1839.54	-29.251
1842.71	91.6567
1845.87	-34.6487
1849.03	36.2566
1852.19	-7.92798
1855.35	-23.6829
1858.5	143.455
1861.64	126.006
1864.79	76.9934
1867.93	23.6541
1871.06	102.568
1874.2	185.389
1877.33	147.974
1880.45	15.2197
1883.58	25.0835
1886.69	61.5339
1889.81	-23.019
1892.92	89.3909
1896.03	29.8398
1899.13	35.9426
1902.23	74.4365
1905.33	115.288
1908.42	-5.36523
1911.51	-45.45
1914.6	-54.3345
1917.69	-10.199
1920.76	-16.6064
1923.84	19.082
1926.91	25.3733
1929.98	-12.9546
1933.05	-28.6826
1936.11	56.1978
1939.17	-17.896
1942.22	-97.3425
1945.27	-23.76
1948.32	-82.8772
1951.36	-43.3789
1954.41	-36.2563
1957.44	-32.272
1960.48	-85.8247
1963.51	-12.291
1966.53	5.44873
1969.56	89.4126
1972.57	-49.3413
1975.59	15.6182
1978.6	32.3423
1981.61	8.11768
1984.62	49.4033
1987.62	63.7231
1990.62	17.3481
1993.61	49.208
1996.6	-6.07129
1999.59	-59.4209
2002.57	58.6069
2005.55	104.415
2008.53	23.1636
2011.5	-22.7109
2014.47	57.2549
2017.44	64.3398
2020.4	-0.416504
2023.36	33.5679
2026.32	-34.2397
2029.27	-25.708
2032.22	-18.0669
2035.16	-75.0276
2038.1	-5.39868
2041.04	-26.8198
2043.97	-48.593
2046.9	14.5039
2049.83	34.0432
2052.76	-35.0764
2055.68	-33.4431
2058.59	-63.958
2061.5	-83.032
2064.41	1.11426
2067.32	-26.0803
2070.22	-67.9712
2073.12	-22.2236
2076.01	20.0879
2078.91	-27.9326
2081.79	-103.099
2084.68	20.1226
2087.56	29.3965
2090.44	49.3813
2093.31	-20.3018
2096.18	-35.8247
2099.05	23.812
2101.91	51.1025
2104.77	23.582
2107.63	-18.7876
2110.48	36.4043
2113.33	18.7866
2116.17	134.233
2119.02	54.1748
2121.85	-12.7368
2124.69	-43.9517
2127.52	2.12695
2130.35	25.8247
2133.17	-32.8931
2135.99	-17.1831
2138.81	127.528
2141.62	4.23828
2144.43	-54.7349
2147.24	-26.9976
2150.04	50.502
2152.84	31.1523
2155.64	-77.9277
2157.47	-74.4971
2160.44	-58.8369
2163.4	-5.68359
2166.37	54.8477
2169.32	-9.56543
2172.28	-126.802
2175.24	-118.929
2178.18	39.2007
2181.13	-7.24316
2184.07	85.3662
2187.01	11.6157
2189.95	57.8154
2192.88	72.6372
2195.81	-50.5103
2198.74	-78.4277
2201.66	-9.59277
2204.58	-56.8535
2207.5	72.8247
2210.41	13.7559
2213.32	-39.5127
2216.23	100.418
2219.13	-39.7764
2222.03	23.729
2224.93	17.5444
2227.82	76.7329
2230.71	-24.1978
2233.6	-29.7788
2236.48	192.824
2239.36	8.88672
2242.24	77.7603
2245.11	54.0869
2247.98	99.8433
2250.84	99.7744
2253.71	148.191
2256.57	159.201
2259.42	93.8462
2262.28	53.3169
2265.13	45.061
2267.98	9.39551
2270.82	-31.4365
2273.66	19.7964
2276.49	41.5786
2279.33	21.9102
2282.16	41.0205
2284.98	19.5313
2287.8	-35.6367
2290.63	-18.6475
2293.44	32.4932
2296.26	-49.8853
2299.07	127.565
2301.87	105.295
2304.68	25.3838
2307.48	71.0952
2310.27	49.2234
2313.06	-4.28687
2315.85	-8.17725
2318.64	13.0908
2321.42	5.33984
2324.2	-4.09058
2326.98	99.6179
2329.75	51.9265
2332.52	78.075
2335.29	-16.5767
2338.05	100.481
2340.81	51.9395
2343.57	-5.9624
2346.32	39.3154
2349.07	-24.0972
2351.82	-16.4211
2354.56	7.40234
2357.3	-47.2939
2360.04	-89.8599
2362.77	-97.9336
2365.5	-78.5789
2368.23	40.387
2370.95	-105.266
2373.67	-141.839
2376.38	-34.0103
2379.1	-19.261
2381.81	16.9778
2384.51	-47.5615
2387.22	-41.5427
2389.92	37.8879
2392.61	-34.1282
2395.3	-62.9663
2397.99	-13.4268
2400.68	66.1177
2403.36	-29.0786
2406.04	-137.764
2408.72	-120.87
2411.39	-97.2253
2414.06	3.63696
2416.73	-6.96899
2419.39	-100.446
2422.05	-220.754
2424.71	-50.8809
2427.36	-120.389
2430.01	9.26343
2432.65	-10.5054
2435.3	-29.5737
2437.94	-69.6125
2440.57	-90.8123
2443.21	-91.3413
2445.84	-44.5615
2448.46	-3.71069
2451.08	82.7087
2453.7	103.238
2456.32	78.0083
2458.93	55.3174
2461.54	37.7959
2464.15	146.926
2466.75	79.0127
2469.35	81.8203
2471.95	125.469
2474.54	94.1465
2477.13	88.1943
2479.71	63.1108
2482.3	45.9578
2484.87	-6.56689
2487.45	-10.0198
2490.02	27.8159
2492.59	-6.34155
2495.16	-0.443604
2497.72	-56.7876
2500.28	-52.1814
2502.84	-21.1255
2505.47	89.9346
2508.2	6.61108
2510.92	18.0762
2513.65	-114.867
2516.37	-70.4326
2519.08	-220.778
2521.79	-83.7522
2524.5	-105.798
2527.21	-183.833
2529.91	-4.53809
2532.61	28.5347
2535.31	-243.03
2538	-154.876
2540.7	-156.942
2543.38	-89.0786
2546.07	-225.005
2548.75	-97.6418
2551.43	-106.168
2554.1	-95.6765
2556.78	-289.503
2559.44	-168.691
2562.11	-87.1296
2564.77	-179.076
2567.43	-84.2241
2570.09	-171.193
2572.74	-142.951
2575.39	-166.539
2578.04	9.38184
2580.68	-82.5474
2583.32	-102.757
2585.96	14.9204
2588.59	35.2393
2591.22	54.418
2593.85	77.2168
2596.48	77.0054
2599.1	23.1929
2601.72	25.312
2604.33	20.3296
2606.94	163.928
2609.55	63.7549
2612.16	70.0034
2614.76	91.0508
2617.36	-51.0117
2619.96	-42.2231
2622.55	-39.4971
2625.14	-13.2588
2627.73	-9.43164
2630.31	15.7344
2632.89	-48.2676
2635.47	-93.7007
2638.05	-55.855
2640.62	-6.73779
2643.19	-21.1011
2645.75	13.9058
2648.31	-12.6187
2650.87	-47.813
2653.43	11.1035
2655.98	0.88916
2658.53	-7.38379
2661.07	1.66113
2663.62	96.3979
2666.16	-57.541
2668.69	-26.2764
2671.23	59.6743
2673.76	-42.0513
2676.28	18.5586
2678.81	14.9243
2681.33	41.123
2683.85	31.4927
2686.36	102.957
2688.87	51.3716
2691.38	164.087
2693.89	146.901
2696.39	219.1
2698.89	366.279
2701.38	488.052
2703.87	546.546
2706.36	612.989
2708.85	719.683
2711.33	965.121
2713.81	962.148
2716.29	1177.41
2718.76	1297.93
2721.23	1372.61
2723.7	1356.16
2726.16	1341.95
2728.62	1175.64
2731.08	1057.96
2733.54	910.636
2735.99	659.598
2738.43	421.846
2740.88	362.798
2743.32	332.404
2745.76	203.551
2748.2	159.929
2750.63	156.9
2753.06	207.821
2755.48	99.4473
2757.91	24.2993
2760.33	49.1245
2762.74	69.3452
2765.16	8.29199
2767.57	-4.69775
2769.97	-20.0127
2772.38	-12.8911
2774.78	-14.2158
2777.18	-17.8696
2779.57	-12.5405
2781.96	-61.1802
2784.35	26.8789
2786.73	-43.2075
2789.11	28.896
2791.49	62.9912
2793.87	10.0752
2796.24	4.65332
2798.61	123.401
2800.98	-5.77002
2803.34	67.7007
2805.7	175.773
2808.06	218.475
2810.41	280.111
2812.76	339.936
2815.11	404.451
2817.45	556.691
2819.79	683.06
2822.13	744.199
2824.32	995.594
2826.83	1457.85
2829.33	1828.4
2831.84	2717.75
2834.34	4255.02
2836.84	6489.16
2839.33	9324.94
2841.82	12555.2
2844.31	15472.6
2846.8	17168.2
2849.28	16570.1
2851.76	15269.2
2854.24	13643.1
2856.71	12444.3
2859.18	11505.4
2861.65	11117.8
2864.12	10686.6
2866.58	10630
2869.04	10991.3
2871.49	11766.7
2873.95	12769.9
2876.4	14819.3
2878.85	19302.1
2881.29	23707.9
2883.73	20482.3
2886.17	15294.3
2888.6	12303.4
2891.04	11117.4
2893.47	10450.3
2895.89	10259.1
2898.32	10138.7
2900.74	9824.94
2903.16	9389.57
2905.57	8941.41
2907.98	8421.42
2910.39	8235.32
2912.8	7980.35
2915.2	7632.75
2917.6	7461.55
2919.99	7620.4
2922.39	7519.98
2924.78	7632.8
2927.17	7937.83
2929.55	8177.93
2931.93	8305.16
2934.31	8328.15
2936.69	7974.6
2939.06	7481.61
2941.43	6827.37
2943.8	6119.25
2946.16	5405.11
2948.52	4653.12
2950.88	4300.03
2953.23	3993.25
2955.58	4071.2
2957.93	3943.97
2960.28	3728.96
2962.62	3737.79
2964.96	3364.85
2967.3	3226.01
2969.63	3034.94
2971.96	2674.73
2974.29	2451.74
2976.62	2287.61
2978.94	2120.24
2981.26	2025.14
2983.57	1909.97
2985.88	1705.09
2988.19	1533.35
2990.5	1510.13
2992.8	1392.46
2995.1	1161.83
2997.4	1027.61
2999.7	980.121
3001.99	857.969
3004.28	768.737
3006.56	652.298
3008.85	614.606
3011.13	478.458
3013.4	362.833
3015.68	397.205
3017.95	352.55
3020.22	224.395
3022.48	165.644
3024.74	147.603
3027	-21.2378
3029.26	20.6812
3031.51	-8.896
3033.76	21.8765
3036.01	29.4292
3038.25	-15.0845
3040.49	-67.4873
3042.73	-32.9019
3044.96	20.5508
3047.2	-8.61035
3049.43	26.4624
3051.65	74.418
3053.87	96.2725
3056.09	144.758
3058.31	114.233
3060.52	204.002
3062.74	172.158
3064.94	145.059
3067.15	116.007
3069.35	97.5581
3071.55	74.8599
3073.74	43.9941
3075.94	74.9946
3078.13	105.2
3080.31	-4.26367
3082.5	-51.7197
3084.68	26.4678
3086.86	-49.0439
3089.03	-116.44
3091.2	-43.9756
3093.37	-101.476
3095.54	-16.9717
3097.7	-117.965
3099.86	-185.273
3102.02	-138.417
3104.17	-143.149
3106.32	-110.634
3108.47	-99.7358
3110.61	-83.6108
3112.75	-11.3252
3114.89	21.2935
3116.84	143.092
3119.15	7.69971
3121.46	97.5508
3123.76	90.3848
3126.07	95.7856
3128.37	110.14
3130.66	14.3208
3132.96	26.0845
3135.25	-44.0103
3137.54	13.8359
3139.83	41.2007
3142.11	-50.7515
3144.39	-123.256
3146.67	-43.1094
3148.95	-10.501
3149.19	165.572
