400.424	208.473
404.669	132.572
408.909	-6.77148
413.143	-131.523
417.374	82.9219
421.6	185.666
425.822	3.60156
430.039	51.4238
434.253	90.2383
438.461	74.041
442.664	75.9297
446.866	-24.4434
451.06	141.582
455.251	283.201
459.437	460.016
463.619	300.824
467.798	206.932
471.97	108.234
476.139	-50.6719
480.303	137.025
484.464	344.252
488.619	306.572
492.771	423.086
496.916	316.691
501.057	382.039
505.196	350.074
509.329	191.455
513.458	248.967
517.583	259.705
521.704	510.727
525.82	558.613
529.931	351.201
534.037	411.08
538.14	413.742
542.238	169.695
546.332	190.441
550.422	93.7832
554.506	171.013
558.587	-64.3496
562.663	-82.3057
566.734	111.012
570.802	81.2129
574.863	53.0723
578.922	-83.9795
582.978	111.737
587.027	68.6855
591.073	56.4482
595.112	2.7207
599.148	1.30859
603.18	126.104
607.209	-27.6934
611.231	-28.0586
615.25	319.31
619.265	302.118
623.274	330.582
627.279	199.286
631.281	372.92
635.278	268
639.27	320.929
643.258	116.873
647.243	11.918
651.222	-151.843
655.195	76.8896
659.166	-168.945
663.131	21.3145
667.093	-70.8799
671.051	-42.9111
675.001	23.0107
678.949	57.2939
682.894	-86.2813
686.835	-70.8066
690.769	39.0645
694.7	-85.9268
698.626	-25.75
702.548	-61.0215
706.465	46.4453
710.378	158.996
714.287	204.578
718.192	-96.5059
722.09	-27.7363
725.986	103.498
729.879	104.986
733.766	114.146
737.647	236.469
741.526	297.979
745.4	403.279
749.268	387.316
753.133	232.787
756.994	279.635
760.851	200.488
764.701	162.354
768.547	-86.8242
772.389	-48.6719
776.23	-132.711
780.063	0.333984
783.893	17.3105
787.719	4.92578
791.541	12.3867
795.356	51.3164
799.168	75.2793
802.977	-11.707
806.781	2.81641
810.58	95.6855
814.375	-118.633
818.162	-140.426
821.95	138.004
825.732	-154.418
829.509	26.0332
833.282	-72.8047
837.05	-130.184
840.814	-5.21094
844.575	-113.418
848.33	-62.834
852.079	-82.8027
855.825	115.596
859.568	197.188
863.307	-39.6836
867.04	-127.018
870.769	-66.6582
874.493	23.1719
878.214	36.6719
881.93	-56.2109
885.642	34.9629
889.35	-63.3789
893.053	-153.234
896.751	82.873
900.445	79.793
904.134	212.137
907.821	96.7227
911.503	-0.197266
912.036	-17.9922
915.893	253.307
919.749	170.551
923.602	155.699
927.45	212.18
931.291	-39.627
935.131	50.9277
938.965	179.43
942.797	-79.0605
946.624	173.344
950.447	46.4102
954.267	111.771
958.081	88.2441
961.891	260.941
965.697	110.301
969.498	186.279
973.298	170.07
977.092	108.217
980.881	224.744
984.668	20.0391
988.45	90.7168
992.226	181.555
996.001	445.467
999.772	1242.29
1003.54	1179.03
1007.3	314.192
1011.06	326.351
1014.81	190.871
1018.56	139.834
1022.31	60.9453
1026.05	189.125
1029.78	260.868
1033.52	263.545
1037.24	329.685
1040.97	34.3545
1044.69	49.5244
1048.41	117.499
1052.12	-15.8301
1055.83	145.143
1059.53	148.542
1063.23	118.04
1066.93	204.841
1070.62	300.594
1074.31	152.177
1077.99	187.379
1081.67	273.089
1085.35	200.816
1089.02	-10.2832
1092.69	-66.4648
1096.35	-78.6543
1100.01	-64.9414
1103.67	60.2715
1107.32	92.1777
1110.97	31.6846
1114.61	153.029
1118.25	-100.932
1121.88	115.72
1125.52	168.665
1129.14	277.322
1132.76	189.679
1136.38	143.637
1140	34.8936
1143.61	-18.3711
1147.22	212.264
1150.82	208.109
1154.42	169.654
1158.01	326.606
1161.6	396.591
1165.19	540.783
1168.77	659.524
1172.35	524.807
1175.92	422.407
1179.49	620.207
1183.06	504.606
1186.62	630.385
1190.18	570.496
1193.73	770.691
1197.28	729.068
1200.83	931.676
1204.37	956.771
1207.91	854.217
1211.44	932.982
1214.97	966.746
1218.49	904.058
1222.01	996.711
1225.53	1094.88
1229.04	1122.08
1232.55	1070.9
1236.06	971.615
1239.56	905.126
1243.06	846.955
1246.55	916.073
1250.04	767.231
1253.52	877.728
1257	894.945
1260.48	826.872
1263.95	867.757
1267.42	845.011
1270.88	901.345
1274.34	1005.44
1277.8	938.103
1281.25	973.033
1284.7	794.676
1288.14	759.086
1291.58	752.726
1295.02	896.647
1298.45	996.808
1301.88	976.906
1305.3	1029.03
1308.72	1060.24
1312.14	1013.29
1315.55	1067.58
1318.96	945.52
1322.36	933.185
1325.76	921.758
1329.16	758.765
1332.54	889.594
1335.93	859.307
1339.32	680.701
1342.69	642.36
1346.07	526.182
1349.44	502.881
1352.81	397.301
1356.17	502.24
1359.53	536.828
1362.89	274.916
1364.21	119.017
1367.74	118.021
1371.27	169.363
1374.8	-9.16992
1378.32	-40.4482
1381.83	188.812
1385.34	247.373
1388.85	261.246
1392.36	605.048
1395.86	431.825
1399.35	450.157
1402.85	627.292
1406.34	444.173
1409.82	459.088
1413.3	501.404
1416.78	448.839
1420.26	524.845
1423.73	579.983
1427.19	469.087
1430.66	777.866
1434.12	648.568
1437.57	717.627
1441.02	1057.3
1444.47	844.072
1447.91	996.806
1451.36	967.921
1454.79	871.897
1458.23	698.93
1461.65	546.661
1465.08	538.655
1468.5	372.157
1471.92	284.478
1475.33	213.182
1478.74	27.0176
1482.15	71.8408
1485.55	-4.21191
1488.95	32.165
1492.34	112.668
1495.73	249.321
1499.12	69.916
1502.5	209.754
1505.88	326.104
1509.26	283.242
1512.63	268.327
1516	466.832
1519.36	508.641
1522.72	451.322
1526.08	629.813
1529.43	741.201
1532.78	677.646
1536.13	814.693
1539.47	849.934
1542.81	849.288
1546.14	812.625
1549.47	868.363
1552.79	863.359
1556.12	859.667
1559.44	805.6
1562.75	749.489
1566.06	839.771
1569.37	766.91
1572.68	762.3
1575.97	764.472
1579.27	765.648
1582.56	805.248
1585.85	930.261
1589.14	865.372
1592.42	777.65
1595.69	766.613
1598.97	859.622
1602.24	933.474
1605.5	1092.33
1608.76	890.282
1612.02	899.262
1615.28	903.462
1618.53	984.478
1621.77	968.638
1625.02	992.253
1628.26	1039.61
1631.49	1188.13
1634.72	1331.91
1637.95	1245.5
1641.17	1417.03
1644.4	1464.63
1647.61	1415.93
1650.82	1458.34
1654.03	1390.55
1657.24	1341.71
1660.44	1310.45
1663.63	1342.07
1666.83	1207.52
1670.02	1159.39
1673.2	1080.7
1676.39	1070.9
1679.56	872.465
1682.74	613.563
1685.91	503.594
1689.08	432.084
1692.24	344.644
1695.4	262.042
1698.56	112.37
1701.71	103.054
1704.86	37.7871
1708	5.76563
1711.14	15.9609
1714.28	-43.9531
1717.41	78.7813
1720.54	34.6563
1723.67	4.16602
1726.79	43.0107
1729.91	-21.7734
1733.02	51.4697
1736.13	97.5332
1739.24	-17.584
1742.34	137.258
1745.44	-92.0156
1748.53	45.9111
1751.62	13.749
1754.71	42.5957
1757.8	102.655
1760.88	78.7471
1763.95	120.452
1767.03	142.034
1770.1	34.9688
1773.16	47.3818
1776.22	140.314
1778.67	30.0811
1781.9	-0.274414
1785.13	12.3408
1788.36	-125.604
1791.59	121.965
1794.81	88.9229
1798.03	201.476
1801.24	50.2637
1804.45	29.5068
1807.66	54.9492
1810.87	-119.539
1814.06	-53.6133
1817.26	-50.4512
1820.46	46.4238
1823.65	-80.7646
1826.83	110.897
1830.01	-123.859
1833.19	-127.437
1836.37	31.5957
1839.54	117.512
1842.71	-37.9824
1845.87	-107.672
1849.03	-66.7686
1852.19	68.8965
1855.35	34.9688
1858.5	141.613
1861.64	62.6143
1864.79	45.9736
1867.93	116.344
1871.06	8.44336
1874.2	1.82324
1877.33	19.5039
1880.45	56.043
1883.58	-30.5273
1886.69	-4.4375
1889.81	63.9551
1892.92	1.78711
1896.03	-51.501
1899.13	-3.2959
1902.23	-204.08
1905.33	-100.324
1908.42	-11.1729
1911.51	-82.1406
1914.6	-55.0293
1917.69	-111.628
1920.76	36.3213
1923.84	-86.8857
1926.91	-83.209
1929.98	-103.912
1933.05	-43.3027
1936.11	-40.7686
1939.17	-21.6602
1942.22	276.984
1945.27	-141.851
1948.32	-122.086
1951.36	-9.75391
1954.41	25.25
1957.44	-99.6904
1960.48	21.1797
1963.51	-44.9766
1966.53	46.2383
1969.56	-18.7881
1972.57	7.8584
1975.59	-2.48535
1978.6	-86.0947
1981.61	54.0908
1984.62	161.686
1987.62	36.748
1990.62	45.335
1993.61	14.084
1996.6	2.22363
1999.59	-9.47754
2002.57	76.9238
2005.55	120.743
2008.53	11.6504
2011.5	-23.1992
2014.47	-63.8857
2017.44	13.1875
2020.4	18.9775
2023.36	71.8174
2026.32	113.897
2029.27	-7.70313
2032.22	1.81641
2035.16	32.8164
2038.1	-26.7236
2041.04	-44.8135
2043.97	-59.8643
2046.9	-6.5918
2049.83	-34.124
2052.76	-133.576
2055.68	-33.4248
2058.59	-1.51367
2061.5	-41.7949
2064.41	19.6123
2067.32	34.3359
2070.22	-97.7949
2073.12	-143.267
2076.01	-38.8203
2078.91	-47.1992
2081.79	-158.014
2084.68	81.9463
2087.56	-46.9678
2090.44	-14.8389
2093.31	-18.2939
2096.18	-4.62793
2099.05	-41.2734
2101.91	40.6152
2104.77	32.71
2107.63	-60.208
2110.48	-46.9482
2113.33	-1.06152
2116.17	21.1758
2119.02	86.6348
2121.85	-30.4854
2124.69	-16.0928
2127.52	-74.2881
2130.35	27.1572
2133.17	-51.2783
2135.99	27.5469
2138.81	-41.5391
2141.62	-12.4932
2144.43	-14.9287
2147.24	40.3564
2150.04	42.2695
2152.84	-58.9766
2155.64	-28.6348
2157.47	115.203
2160.44	3.91602
2163.4	65.707
2166.37	-23.0986
2169.32	-160.093
2172.28	21.8018
2175.24	42.3936
2178.18	-7.0752
2181.13	57.6211
2184.07	60.5322
2187.01	-15.3057
2189.95	35.6592
2192.88	21.8008
2195.81	28.4727
2198.74	-94.3057
2201.66	107.876
2204.58	-102.093
2207.5	-17.2334
2210.41	-13.4854
2213.32	-24.4082
2216.23	-148.719
2219.13	37.8311
2222.03	-101.43
2224.93	79.7607
2227.82	-154.75
2230.71	-50.9277
2233.6	-68.7383
2236.48	42.1162
2239.36	93.6816
2242.24	147.359
2245.11	88.9639
2247.98	37.7939
2250.84	-60.0537
2253.71	13.874
2256.57	18.8594
2259.42	42.5137
2262.28	134.8
2265.13	0.392578
2267.98	79.1211
2270.82	-73.208
2273.66	1.74023
2276.49	77.2207
2279.33	-2.6748
2282.16	-57.6533
2284.98	-52.8584
2287.8	-12.2314
2290.63	33.9287
2293.44	-35.0938
2296.26	-26.4893
2299.07	12.7754
2301.87	101.243
2304.68	-89.1533
2307.48	-59.5801
2310.27	-6.72852
2313.06	39.7441
2315.85	-17.3926
2318.64	53.3477
2321.42	-25.1387
2324.2	-90.9648
2326.98	-38.9141
2329.75	-114.434
2332.52	76.5371
2335.29	66.6387
2338.05	58.459
2340.81	41.8203
2343.57	-42.998
2346.32	53.8252
2349.07	-29.7822
2351.82	-2.41113
2354.56	131.481
2357.3	-60.4053
2360.04	47.502
2362.77	-75.8203
2365.5	62.1553
2368.23	20.2227
2370.95	4.80762
2373.67	-85.5967
2376.38	-18.6045
2379.1	30.582
2381.81	34.9922
2384.51	-18.0537
2387.22	-68.0195
2389.92	30.874
2392.61	82.7031
2395.3	1.90918
2397.99	-17.1045
2400.68	65.7012
2403.36	21.0811
2406.04	16.6709
2408.72	55.1807
2411.39	-57.208
2414.06	-52.1396
2416.73	-116.88
2419.39	21.6221
2422.05	13.0703
2424.71	7.31348
2427.36	-57.3838
2430.01	-17.5703
2432.65	12.6846
2435.3	-64.8984
2437.94	-34.6436
2440.57	-11.5986
2443.21	-60.3926
2445.84	-2.09961
2448.46	108.324
2451.08	42.8564
2453.7	-98.7813
2456.32	88.8955
2458.93	110.146
2461.54	-133.663
2464.15	-14.9336
2466.75	-72.083
2469.35	-108.655
2471.95	39.7764
2474.54	66.1357
2477.13	-49.2041
2479.71	-170.374
2482.3	-69.3281
2484.87	93.9668
2487.45	102.174
2490.02	45.5283
2492.59	-5.42773
2495.16	18.7539
2497.72	105.621
2500.28	37.9063
2502.84	29.5234
2505.47	61.6162
2508.2	-45.9004
2510.92	-159.624
2513.65	-22.1436
2516.37	-106.674
2519.08	-39.6289
2521.79	32.0771
2524.5	-76.4063
2527.21	113.204
2529.91	-83.8975
2532.61	5.5127
2535.31	-142.136
2538	53.7324
2540.7	10.7422
2543.38	-20.5225
2546.07	-40.1836
2548.75	-47.6768
2551.43	-5.98047
2554.1	-109.326
2556.78	48.3193
2559.44	65.3809
2562.11	-95.2471
2564.77	2.84375
2567.43	-5.6582
2570.09	25.833
2572.74	-65.5557
2575.39	-60.8574
2578.04	35.6504
2580.68	76.5264
2583.32	113.013
2585.96	-2.85156
2588.59	-7.1084
2591.22	-194.719
2593.85	76.5029
2596.48	-32.4863
2599.1	40.2852
2601.72	101.006
2604.33	-143.575
2606.94	129.413
2609.55	1.51367
2612.16	27.3936
2614.76	8.2207
2617.36	-18.9609
2619.96	80.7979
2622.55	106.946
2625.14	78.0352
2627.73	-57.9795
2630.31	24.2002
2632.89	-193.87
2635.47	-31.9883
2638.05	-18.1563
2640.62	24.6055
2643.19	-77.9521
2645.75	2.02441
2648.31	-124.317
2650.87	-117.441
2653.43	-21.0332
2655.98	55.7979
2658.53	-7.77148
2661.07	-36.832
2663.62	-57.4619
2666.16	83.4756
2668.69	-32.8682
2671.23	116.289
2673.76	115.494
2676.28	41.6064
2678.81	121.908
2681.33	178.027
2683.85	62.9063
2686.36	35.502
2688.87	127.756
2691.38	174.071
2693.89	227.336
2696.39	121.387
2698.89	32.3994
2701.38	149.268
2703.87	112.176
2706.36	258.204
2708.85	330.131
2711.33	210.117
2713.81	360.831
2716.29	331.326
2718.76	161.246
2721.23	381.998
2723.7	344.598
2726.16	400.637
2728.62	361.153
2731.08	425.621
2733.54	376.088
2735.99	357.323
2738.43	248.674
2740.88	232.046
2743.32	311.487
2745.76	267.026
2748.2	321.017
2750.63	296.985
2753.06	190.616
2755.48	356.626
2757.91	306.557
2760.33	232.646
2762.74	336.026
2765.16	300.427
2767.57	309.767
2769.97	175.276
2772.38	173.597
2774.78	190.516
2777.18	155.736
2779.57	100.727
2781.96	90.5967
2784.35	88.5664
2786.73	41.6855
2789.11	18.1963
2791.49	59.0762
2793.87	200.655
2796.24	114.466
2798.61	90.5264
2800.98	142.837
2803.34	88.8564
2805.7	33.666
2808.06	1.5459
2810.41	-12.1318
2812.76	-4.58496
2815.11	27.9238
2817.45	81.0293
2819.79	92.3154
2822.13	18.0313
2824.32	218.223
2826.83	161.778
2829.33	224.49
2831.84	206.583
2834.34	307.838
2836.84	282.82
2839.33	465.181
2841.82	560.372
2844.31	712.643
2846.8	879.004
2849.28	851.723
2851.76	1150.43
2854.24	1300.3
2856.71	1216.99
2859.18	1375.78
2861.65	1527.72
2864.12	1707.81
2866.58	2038.86
2869.04	2295.31
2871.49	2483.79
2873.95	2520.48
2876.4	2656.53
2878.85	2722.8
2881.29	2533.13
2883.73	2637.09
2886.17	2424.94
2888.6	2334.39
2891.04	2395.83
2893.47	2472.69
2895.89	2654.64
2898.32	2552.06
2900.74	2760.07
2903.16	2781.77
2905.57	2901.56
2907.98	3070.12
2910.39	2949.26
2912.8	3361.67
2915.2	3393.97
2917.6	3742.83
2919.99	3840.65
2922.39	4147.66
2924.78	4031.2
2927.17	4361.72
2929.55	4612.24
2931.93	4525.08
2934.31	4700.43
2936.69	4620.16
2939.06	4625.09
2941.43	4451.1
2943.8	4205.26
2946.16	4019.27
2948.52	3655.08
2950.88	3398.06
2953.23	3172.53
2955.58	3063.8
2957.93	3032.6
2960.28	2840.82
2962.62	2699.74
2964.96	2675.28
2967.3	2570.29
2969.63	2492.49
2971.96	2481.52
2974.29	2449.38
2976.62	2258.82
2978.94	2186.57
2981.26	2127.83
2983.57	1972.88
2985.88	1828.78
2988.19	1681.54
2990.5	1671.57
2992.8	1452.2
2995.1	1399.62
2997.4	1171.95
2999.7	1097.01
3001.99	1025.83
3004.28	865.514
3006.56	741.199
3008.85	527.43
3011.13	479.556
3013.4	439.698
3015.68	485.055
3017.95	335.387
3020.22	309.87
3022.48	321.299
3024.74	170.326
3027	116.706
3029.26	-31.2148
3031.51	187.741
3033.76	32.8066
3036.01	14.0615
3038.25	43.2715
3040.49	120.59
3042.73	54.8672
3044.96	102.505
3047.2	169.023
3049.43	45.0596
3051.65	159.734
3053.87	194.61
3056.09	333.267
3058.31	415.15
3060.52	312.226
3062.74	538.414
3064.94	356.113
3067.15	300.43
3069.35	218.641
3071.55	145.103
3073.74	227.899
3075.94	178.541
3078.13	208.228
3080.31	89.9932
3082.5	31.4707
3084.68	-8.32617
3086.86	118.838
3089.03	-31.6094
3091.2	101.942
3093.37	102.396
3095.54	-12.4629
3097.7	-61.3994
3099.86	65.6719
3102.02	25.9609
3104.17	-45.7119
3106.32	23.9785
3108.47	54.5527
3110.61	49.1416
3112.75	78.1426
3114.89	36.0732
3116.84	149.186
3119.15	22.5498
3121.46	124.432
3123.76	47.6719
3126.07	154.251
3128.37	178.481
3130.66	144.505
3132.96	75.5313
3135.25	117.028
3137.54	49.9053
3139.83	-77.917
3142.11	-93.2988
3144.39	-0.498047
3146.67	-44.6689
3148.95	-56.5508
3149.19	26.1338
