400.424	38.7656
404.669	125.477
408.909	-53.2891
413.143	253.183
417.374	189.671
421.6	297.104
425.822	203.824
430.039	98.7227
434.253	210.86
438.461	134.688
442.664	157.939
446.866	237.994
451.06	6.85352
455.251	69.0186
459.437	114.465
463.619	164.944
467.798	90.624
471.97	-10.0996
476.139	81.2422
480.303	139.979
484.464	228.896
488.619	136.381
492.771	370.762
496.916	481.341
501.057	540.095
505.196	230.159
509.329	101.844
513.458	390.125
517.583	127.453
521.704	177.624
525.82	188.943
529.931	74.6152
534.037	185.456
538.14	211.626
542.238	440.865
546.332	284.448
550.422	202.985
554.506	144.618
558.587	228.6
562.663	130.1
566.734	26.8115
570.802	25.4736
574.863	185.508
578.922	397.013
582.978	204.343
587.027	220.502
591.073	142.316
595.112	323.022
599.148	154.352
603.18	135.93
607.209	408.315
611.231	242.122
615.25	112.885
619.265	456.854
623.274	336.891
627.279	240.752
631.281	364.056
635.278	340.867
639.27	315.041
643.258	311.22
647.243	342.612
651.222	46.5039
655.195	205.157
659.166	153.095
663.131	267.571
667.093	238.696
671.051	209.504
675.001	15.2061
678.949	109.305
682.894	151.597
686.835	27.0771
690.769	155.947
694.7	286.372
698.626	100.591
702.548	137.604
706.465	103.379
710.378	187.848
714.287	260.841
718.192	155.01
722.09	123.389
725.986	48.6309
729.879	-7.07373
733.766	182.616
737.647	56.3037
741.526	205.064
745.4	293.679
749.268	102.311
753.133	181.696
756.994	144.113
760.851	60.0435
764.701	125.934
768.547	60.3931
772.389	40.9409
776.23	114.738
780.063	77.1055
783.893	58.5283
787.719	-18.5552
791.541	35.1733
795.356	26.4165
799.168	45.7686
802.977	252.027
806.781	106.1
810.58	77.1665
814.375	174.422
818.162	250.331
821.95	345.744
825.732	345.956
829.509	340.424
833.282	115.927
837.05	60.9385
840.814	40.1938
844.575	61.7466
848.33	125.409
852.079	181.558
855.825	147.247
859.568	155.573
863.307	153.239
867.04	66.793
870.769	71.9658
874.493	272.113
878.214	222.825
881.93	218.373
885.642	225.223
889.35	347.563
893.053	96.6045
896.751	246.968
900.445	266.042
904.134	368.33
907.821	123.147
911.503	3.47217
912.036	-5.48535
915.893	325.813
919.749	295.313
923.602	331.716
927.45	153.268
931.291	271.759
935.131	342.94
938.965	182.798
942.797	146.774
946.624	21.7358
950.447	287.465
954.267	74.2881
958.081	188.133
961.891	139.114
965.697	265.09
969.498	26.1895
973.298	122.914
977.092	114.714
980.881	228.899
984.668	171.073
988.45	295.198
992.226	235.943
996.001	365.083
999.772	1083.03
1003.54	1087.52
1007.3	344.341
1011.06	13.3535
1014.81	-9.729
1018.56	52.4888
1022.31	5.89502
1026.05	92.3555
1029.78	261.927
1033.52	166.887
1037.24	108.81
1040.97	65.7026
1044.69	-34.8247
1048.41	12.7637
1052.12	-43.063
1055.83	140.208
1059.53	425.959
1063.23	213.962
1066.93	61.6592
1070.62	101.61
1074.31	82.9604
1077.99	43.499
1081.67	144.535
1085.35	93.2729
1089.02	127.217
1092.69	242.102
1096.35	219.541
1100.01	394.479
1103.67	439.168
1107.32	243.284
1110.97	77.9985
1114.61	216.789
1118.25	273.737
1121.88	299.603
1125.52	632.363
1129.14	716.432
1132.76	377.26
1136.38	43.3057
1140	94.9487
1143.61	57.9453
1147.22	95.8945
1150.82	53.7393
1154.42	74.0566
1158.01	155.111
1161.6	106.405
1165.19	67.5303
1168.77	217.176
1172.35	268.271
1175.92	191.078
1179.49	74.873
1183.06	134.01
1186.62	181.938
1190.18	10.0752
1193.73	57.6665
1197.28	168.127
1200.83	246.478
1204.37	315.431
1207.91	123.095
1211.44	77.0107
1214.97	54.1577
1218.49	68.8872
1222.01	132.557
1225.53	139.197
1229.04	182.891
1232.55	209.123
1236.06	190.096
1239.56	152.751
1243.06	195.438
1246.55	140.606
1250.04	168.475
1253.52	299.077
1257	240.239
1260.48	139.69
1263.95	373.486
1267.42	136.651
1270.88	240.298
1274.34	314.927
1277.8	305.904
1281.25	332.985
1284.7	237.597
1288.14	269.42
1291.58	489.095
1295.02	626.549
1298.45	486.086
1301.88	377.193
1305.3	444.313
1308.72	561.503
1312.14	534.803
1315.55	496.257
1318.96	473.45
1322.36	411.336
1325.76	361.353
1329.16	380.039
1332.54	391.42
1335.93	338.591
1339.32	360.959
1342.69	347.134
1346.07	318.817
1349.44	260.682
1352.81	275.127
1356.17	210.696
1359.53	175.765
1362.89	162.653
1364.21	157.542
1367.74	65.1885
1371.27	138.379
1374.8	10.6113
1378.32	102.495
1381.83	56.7529
1385.34	199.18
1388.85	188.988
1392.36	232.955
1395.86	332.115
1399.35	311.598
1402.85	273.068
1406.34	241.741
1409.82	283.466
1413.3	441.663
1416.78	459.289
1420.26	459.444
1423.73	328.033
1427.19	418.244
1430.66	456.663
1434.12	736.014
1437.57	984.928
1441.02	1106.21
1444.47	1010.69
1447.91	1088.5
1451.36	1012.29
1454.79	962.357
1458.23	1007.05
1461.65	938.277
1465.08	680.167
1468.5	572.509
1471.92	401.852
1475.33	300.348
1478.74	45.3027
1482.15	104.648
1485.55	39.3862
1488.95	16.2266
1492.34	2.08594
1495.73	180.335
1499.12	166.134
1502.5	135.66
1505.88	19.5054
1509.26	67.5713
1512.63	171.003
1516	139.115
1519.36	211.594
1522.72	170.461
1526.08	211
1529.43	215.236
1532.78	259.871
1536.13	295.446
1539.47	341.437
1542.81	394.938
1546.14	533.176
1549.47	519.414
1552.79	515.949
1556.12	445.456
1559.44	463.87
1562.75	428.631
1566.06	407.072
1569.37	499.112
1572.68	478.513
1575.97	410.266
1579.27	431.243
1582.56	507.767
1585.85	589.26
1589.14	492.415
1592.42	523.624
1595.69	601.86
1598.97	585.62
1602.24	738.896
1605.5	827.889
1608.76	849.683
1612.02	747.725
1615.28	747.828
1618.53	696.217
1621.77	748.113
1625.02	712.442
1628.26	786.068
1631.49	781.45
1634.72	868.132
1637.95	919.314
1641.17	910.854
1644.4	1036.26
1647.61	982.92
1650.82	1065.96
1654.03	1084.94
1657.24	1115.94
1660.44	1060.12
1663.63	1004.72
1666.83	917.686
1670.02	925.413
1673.2	726.448
1676.39	604.946
1679.56	552.616
1682.74	583.831
1685.91	474.541
1689.08	273.603
1692.24	201.929
1695.4	149.426
1698.56	164.974
1701.71	107.471
1704.86	65.7461
1708	45.1211
1711.14	26.8276
1714.28	72.374
1717.41	105.47
1720.54	50.7554
1723.67	57.0015
1726.79	82.6074
1729.91	-1.5957
1733.02	61.3799
1736.13	78.4209
1739.24	-3.78271
1742.34	94.3662
1745.44	74.0356
1748.53	78.8574
1751.62	77.5693
1754.71	60.4614
1757.8	42.2227
1760.88	30.9775
1763.95	32.4858
1767.03	43.519
1770.1	14.9165
1773.16	-56.6738
1776.22	-11.7129
1778.67	45.9795
1781.9	-44.3555
1785.13	50.188
1788.36	-141.611
1791.59	-97.4434
1794.81	-74.8159
1798.03	-126.549
1801.24	-126.032
1804.45	54.2061
1807.66	-110.764
1810.87	-245.158
1814.06	-39.7437
1817.26	-18.6294
1820.46	-31.5151
1823.65	-9.59766
1826.83	-5.2749
1830.01	-151.682
1833.19	-110.7
1836.37	-196.367
1839.54	-99.7778
1842.71	-46.6182
1845.87	-5.9624
1849.03	-38.0166
1852.19	46.2241
1855.35	-89.5835
1858.5	-28.6445
1861.64	-94.8789
1864.79	-71.5596
1867.93	-19.6743
1871.06	-37.9536
1874.2	-82.5479
1877.33	39.6436
1880.45	-57.6841
1883.58	-80.7163
1886.69	-92.4956
1889.81	-16.7407
1892.92	-99.1714
1896.03	-62.6904
1899.13	-3.92432
1902.23	-56.9888
1905.33	-44.1123
1908.42	-122.931
1911.51	-186.458
1914.6	26.3784
1917.69	-52.4917
1920.76	-75.4316
1923.84	-110.072
1926.91	-81.3823
1929.98	-93.752
1933.05	-104.352
1936.11	-103.761
1939.17	-75.9419
1942.22	-96.2349
1945.27	-4.43457
1948.32	-109.195
1951.36	-148.182
1954.41	-59.8325
1957.44	-97.9556
1960.48	-133.872
1963.51	-59.4058
1966.53	-66.376
1969.56	-74.4888
1972.57	-129.096
1975.59	-71.9434
1978.6	-2.68213
1981.61	5
1984.62	-75.0068
1987.62	-67.7495
1990.62	11.9375
1993.61	-22.6201
1996.6	-40.2075
1999.59	7.84424
2002.57	-82.7217
2005.55	-40.2793
2008.53	16.415
2011.5	-84.5835
2014.47	-1.79297
2017.44	-162.575
2020.4	-146.636
2023.36	-145.788
2026.32	-111.398
2029.27	-62.5688
2032.22	-152.069
2035.16	-142.831
2038.1	-57.0991
2041.04	-67.0459
2043.97	-121.317
2046.9	-99.6772
2049.83	-125.783
2052.76	-68.1123
2055.68	-29.3213
2058.59	-32.1182
2061.5	-108.736
2064.41	-82.2139
2067.32	-33.2212
2070.22	-56.5845
2073.12	-107.287
2076.01	-18.4824
2078.91	-150.815
2081.79	-147.124
2084.68	-61.9883
2087.56	-100.267
2090.44	-112.605
2093.31	-86.6968
2096.18	-20.3984
2099.05	-41.21
2101.91	-160.96
2104.77	-195.713
2107.63	-164.514
2110.48	-81.7715
2113.33	-136.22
2116.17	-216.261
2119.02	-220.119
2121.85	-177.449
2124.69	-184.497
2127.52	32.6045
2130.35	-92.6943
2133.17	-152.323
2135.99	-189.299
2138.81	-114.155
2141.62	-103.539
2144.43	-50.9043
2147.24	-41.0581
2150.04	-58.0298
2152.84	-71.6992
2155.64	-108.083
2157.47	-132.845
2160.44	-177.357
2163.4	-201.629
2166.37	-83.8999
2169.32	-119.279
2172.28	-153.59
2175.24	-151.532
2178.18	-16.2188
2181.13	-24.8335
2184.07	-44.0791
2187.01	-97.8735
2189.95	-206.598
2192.88	-52.8745
2195.81	-156.271
2198.74	-127.717
2201.66	-86.3145
2204.58	-147.753
2207.5	-72.96
2210.41	-32.8325
2213.32	-35.665
2216.23	-159.197
2219.13	-14.6758
2222.03	-103.794
2224.93	-138.429
2227.82	-174.521
2230.71	-6.03076
2233.6	-119.521
2236.48	-195.398
2239.36	-108.002
2242.24	-216.569
2245.11	-48.0605
2247.98	-26.2734
2250.84	-96.6392
2253.71	-112.852
2256.57	-40.8726
2259.42	-47.4824
2262.28	-68.7026
2265.13	-106.462
2267.98	-3.75244
2270.82	-102.103
2273.66	-8.55127
2276.49	11.2246
2279.33	-113.723
2282.16	-57.2456
2284.98	-150.816
2287.8	-68.5352
2290.63	-3.81885
2293.44	-60.8247
2296.26	-121.303
2299.07	-80.0005
2301.87	-34.144
2304.68	-39.4224
2307.48	-55.8398
2310.27	-40.9902
2313.06	-87.6816
2315.85	-198.272
2318.64	-128.252
2321.42	-98.9155
2324.2	-36.7056
2326.98	-162.512
2329.75	-129.013
2332.52	-84.2427
2335.29	-72.4834
2338.05	-137.918
2340.81	-41.6318
2343.57	-66.0566
2346.32	-117.095
2349.07	-105.143
2351.82	-3.85107
2354.56	-137.994
2357.3	-99.0757
2360.04	-52.0137
2362.77	-89.6934
2365.5	-63.5728
2368.23	-83.1313
2370.95	-135.462
2373.67	-83.1523
2376.38	-39.6938
2379.1	-174.854
2381.81	-184.805
2384.51	-93.8677
2387.22	-32.6187
2389.92	-67.7808
2392.61	-69.9546
2395.3	-61.3271
2397.99	-64.8252
2400.68	-84.0605
2403.36	-129.776
2406.04	-119.482
2408.72	-29.6582
2411.39	-24.3242
2414.06	-50.5098
2416.73	-126.076
2419.39	-121.502
2422.05	-126.269
2424.71	-107.575
2427.36	-60.5176
2430.01	-3.49902
2432.65	-59.0771
2435.3	-73.4292
2437.94	-107.197
2440.57	-94.0713
2443.21	-73.52
2445.84	-120.303
2448.46	-98.624
2451.08	-58.0439
2453.7	-103.074
2456.32	-170.084
2458.93	-65.1606
2461.54	-19.356
2464.15	-132.311
2466.75	-108.206
2469.35	-100.331
2471.95	-4.06592
2474.54	-76.3999
2477.13	-111.884
2479.71	-54.8574
2482.3	-24.5225
2484.87	-112.404
2487.45	-200.646
2490.02	-184.216
2492.59	-158.477
2495.16	-87.606
2497.72	-79.8765
2500.28	-85.3965
2502.84	-91.8867
2505.47	-94.4326
2508.2	18.145
2510.92	-154.622
2513.65	-222.824
2516.37	-200.261
2519.08	-61.8223
2521.79	-131.455
2524.5	-152.887
2527.21	-107.129
2529.91	-185.227
2532.61	-94.3315
2535.31	-81.2192
2538	-159.537
2540.7	-127.404
2543.38	-95.7305
2546.07	-224.278
2548.75	-160.083
2551.43	-262.369
2554.1	-60.3716
2556.78	2.87549
2559.44	-126.469
2562.11	-63.5278
2564.77	-63.6533
2567.43	-107.799
2570.09	-24.9043
2572.74	-125.597
2575.39	-100.589
2578.04	-149.361
2580.68	-40.1011
2583.32	-186.949
2585.96	-83.8618
2588.59	-143.391
2591.22	-83.9702
2593.85	9.54004
2596.48	-24.0688
2599.1	-83.5142
2601.72	-36.2603
2604.33	-99.5415
2606.94	-39.522
2609.55	-49.3232
2612.16	-59.6245
2614.76	-164.84
2617.36	-58.8867
2619.96	-45.0732
2622.55	-55.2842
2625.14	-98.5957
2627.73	-88.8599
2630.31	-190.809
2632.89	-46.8188
2635.47	-49.3872
2638.05	-3.31689
2640.62	-135.232
2643.19	-145.547
2645.75	-138.218
2648.31	-78.5986
2650.87	-113.362
2653.43	-90.7119
2655.98	-68.54
2658.53	-9.7373
2661.07	-133.132
2663.62	-104.23
2666.16	-130.625
2668.69	-146.25
2671.23	-126.504
2673.76	27.873
2676.28	-111.228
2678.81	-47.1504
2681.33	-31.001
2683.85	-44.7817
2686.36	-46.1289
2688.87	-40.5601
2691.38	-11.98
2693.89	33.2515
2696.39	70.2744
2698.89	55.7983
2701.38	51.9756
2703.87	89.7114
2706.36	77.3711
2708.85	136.951
2711.33	150.841
2713.81	242.521
2716.29	279.741
2718.76	279.582
2721.23	315.792
2723.7	314.551
2726.16	285.241
2728.62	275.731
2731.08	275.341
2733.54	255.761
2735.99	184.841
2738.43	179.151
2740.88	173.284
2743.32	148.72
2745.76	97.5869
2748.2	100.183
2750.63	112.885
2753.06	72.5449
2755.48	112.401
2757.91	45.1113
2760.33	51.187
2762.74	102.397
2765.16	96.7329
2767.57	137.563
2769.97	106.738
2772.38	150.243
2774.78	148.743
2777.18	113.403
2779.57	51.5137
2781.96	2.90332
2784.35	18.5625
2786.73	-18.1567
2789.11	-16.0669
2791.49	81.1436
2793.87	-19.7173
2796.24	52.4731
2798.61	19.0825
2800.98	33.1333
2803.34	94.7432
2805.7	34.9927
2808.06	-6.89697
2810.41	72.5029
2812.76	140.289
2815.11	143.32
2817.45	198.481
2819.79	247.634
2822.13	144.826
2824.32	198.468
2826.83	191.498
2829.33	359.499
2831.84	353.549
2834.34	590.08
2836.84	862.371
2839.33	1253.55
2841.82	1663.95
2844.31	1969.14
2846.8	2102.18
2849.28	2257.97
2851.76	2226.17
2854.24	2173.15
2856.71	2251.9
2859.18	2259.7
2861.65	2345.82
2864.12	2656.67
2866.58	3090
2869.04	3292.23
2871.49	3563.07
2873.95	3803.54
2876.4	3762.68
2878.85	4217.55
2881.29	4472.42
2883.73	4061.02
2886.17	3612.92
2888.6	3398.95
2891.04	3394.29
2893.47	3400.32
2895.89	3532.45
2898.32	3635.44
2900.74	3672.15
2903.16	3607.56
2905.57	3758.91
2907.98	3778.01
2910.39	3911.89
2912.8	4126.67
2915.2	4375.26
2917.6	4586.58
2919.99	4786.87
2922.39	4856.14
2924.78	5165.49
2927.17	5249.6
2929.55	5394.15
2931.93	5388.13
2934.31	5479.91
2936.69	5432.82
2939.06	5356.14
2941.43	5088.07
2943.8	4746.55
2946.16	4458.7
2948.52	4038.18
2950.88	3739.33
2953.23	3431.97
2955.58	3312.73
2957.93	3275.31
2960.28	3130.5
2962.62	2939.24
2964.96	2972.44
2967.3	2807.66
2969.63	2735.58
2971.96	2520.37
2974.29	2504.28
2976.62	2399.22
2978.94	2225.24
2981.26	2084.36
2983.57	1974.91
2985.88	1843.79
2988.19	1720.54
2990.5	1504.06
2992.8	1347.3
2995.1	1280.12
2997.4	1090.26
2999.7	995.814
3001.99	889.783
3004.28	699.891
3006.56	688.151
3008.85	557.34
3011.13	526.75
3013.4	482.201
3015.68	414.012
3017.95	277.283
3020.22	303.593
3022.48	196.506
3024.74	140.339
3027	-5.60596
3029.26	27.6689
3031.51	106.754
3033.76	146.909
3036.01	126.834
3038.25	111.329
3040.49	144.154
3042.73	135.95
3044.96	175.045
3047.2	205.609
3049.43	242.955
3051.65	370.589
3053.87	389.105
3056.09	456.87
3058.31	488.315
3060.52	581.1
3062.74	531.886
3064.94	565.45
3067.15	519.805
3069.35	518.961
3071.55	388.876
3073.74	376.381
3075.94	374.946
3078.13	242.391
3080.31	190.567
3082.5	165.192
3084.68	135.627
3086.86	170.122
3089.03	112.098
3091.2	49.502
3093.37	-29.8242
3095.54	17.6587
3097.7	73.5669
3099.86	103.574
3102.02	105.622
3104.17	61.7046
3106.32	51.9658
3108.47	106.568
3110.61	83.7134
3112.75	100.591
3114.89	114.862
3116.84	143.577
3119.15	95.4731
3121.46	86.9663
3123.76	52.8262
3126.07	38.019
3128.37	120.327
3130.66	39.3726
3132.96	63.8301
3135.25	45.7251
3137.54	130.11
3139.83	62.2144
3142.11	123.135
3144.39	77.7471
3146.67	44.5977
3148.95	148.368
3149.19	260
