200.736	1316
202.596	1579.98
204.453	1427.97
206.312	1373.95
208.169	1383.93
210.025	1499.92
211.883	1485.9
213.739	1491.88
215.594	1381.86
217.449	1485.85
219.303	1411.83
221.158	1419.81
223.011	1487.79
224.865	1569.78
226.718	1541.76
228.568	1543.74
230.42	1639.73
232.272	1469.71
234.122	1541.69
235.973	1617.68
237.824	1611.66
239.672	1599.64
241.52	1625.63
243.37	1581.61
245.217	1733.59
247.064	1721.57
248.912	1623.56
250.758	1561.54
252.604	1659.52
254.449	1639.51
256.294	1579.49
258.139	1565.47
259.983	1697.45
261.827	1609.44
263.668	1735.42
265.512	1661.4
267.354	1643.39
269.195	1675.37
271.037	1659.35
272.878	1729.34
274.718	1517.32
276.557	1597.3
278.397	1729.28
280.235	1647.27
282.073	1671.25
283.913	1685.23
285.75	1717.22
287.586	1763.2
289.423	1639.18
291.259	1737.17
293.094	1767.15
294.929	1779.13
296.764	1707.11
298.597	1705.1
300.431	1743.08
302.264	1799.06
304.096	1705.05
305.929	1601.03
307.759	1703.01
309.592	1724.99
311.422	1732.98
313.253	1602.96
315.082	1662.94
316.911	1664.93
318.739	1552.91
320.57	1740.89
322.397	1750.88
324.225	1776.86
326.052	1696.84
327.878	1598.82
329.702	1666.81
331.528	1612.79
333.354	1604.77
335.179	1836.76
337.002	1612.74
338.826	1708.72
340.648	1730.7
342.472	1672.69
344.293	1896.67
346.116	1716.65
347.937	1682.64
349.757	1870.62
351.577	1682.6
353.398	1666.58
355.217	1716.57
357.036	1806.55
358.855	1612.53
360.673	1678.52
362.49	1704.5
364.306	1824.48
366.122	1754.47
367.939	1746.45
369.753	1712.43
371.569	1738.41
373.385	1860.4
375.198	1800.38
377.011	1760.36
378.825	1702.35
380.637	1626.33
382.449	1764.31
384.262	1596.3
386.073	1732.28
387.884	1776.26
389.694	1718.24
391.504	1744.23
393.313	1804.21
395.123	1678.19
396.929	1702.18
398.738	1730.16
400.546	1704.14
402.354	1672.13
404.159	1702.11
405.966	1702.09
407.771	1700.07
409.577	1704.06
411.381	1736.04
413.185	1814.02
414.988	1690.01
416.793	1769.99
418.595	1757.97
420.397	1639.95
422.199	1647.94
424.001	1785.92
425.802	1573.9
427.601	1991.89
429.401	1725.87
431.201	1683.85
433.001	1835.83
434.798	1781.82
436.597	1715.8
438.393	1861.78
440.192	1687.77
441.988	1825.75
443.783	1737.73
445.58	1601.72
447.375	1863.7
449.17	1741.68
450.964	1767.67
452.758	1721.65
454.551	1733.63
456.344	1689.61
458.137	1769.6
459.929	1773.58
461.719	1713.56
463.511	1993.55
465.302	1931.53
467.091	1871.51
468.882	1739.49
470.67	1835.48
472.46	1811.46
474.247	1743.44
476.034	1845.43
477.821	1787.41
479.61	1875.39
481.396	1745.37
483.182	1829.36
484.967	1905.34
486.752	1919.32
488.535	1825.31
490.319	2049.29
492.103	1893.27
493.887	1919.26
495.668	1745.24
497.451	1871.22
499.232	1823.2
501.014	1759.19
502.794	1889.17
504.573	1755.15
506.355	1927.14
508.134	1883.12
509.912	1863.1
511.69	1979.08
513.468	1869.07
515.246	1847.05
517.023	1917.03
518.799	1981.02
520.576	1879
522.35	1882.98
524.126	1920.97
525.901	1938.95
527.674	1806.93
529.449	1964.91
531.221	1878.9
532.993	1874.88
534.767	1878.86
536.538	1962.85
538.309	1758.83
540.08	1816.81
541.85	1858.8
543.62	1730.78
545.39	1942.76
547.159	1868.74
548.928	1750.73
550.696	1808.71
552.463	1802.69
554.23	1848.68
555.996	1818.66
557.763	1852.64
559.528	1980.62
561.294	1894.61
563.059	1810.59
564.822	1782.57
566.588	1624.56
568.351	1806.54
570.114	1900.52
571.876	1924.51
573.638	1756.49
575.4	2030.47
577.159	1814.45
578.92	1762.44
580.681	1784.42
582.442	1754.4
584.2	1862.39
585.959	1780.37
587.717	1904.35
589.474	1934.34
591.232	1940.32
592.989	1926.3
594.745	1952.28
596.5	1888.27
598.256	1972.25
600.013	1934.23
601.765	2102.22
603.519	1958.2
605.273	1924.18
607.027	1962.16
608.78	1900.15
610.531	1944.13
612.284	1934.11
614.034	1820.1
615.786	2012.08
617.536	2098.06
619.287	1990.05
621.036	1920.03
622.784	2018.01
624.532	2033.99
626.28	1963.98
628.028	2195.96
629.775	1867.94
631.522	2175.93
633.269	1953.91
635.015	2081.89
636.759	1961.87
638.504	2203.86
640.247	2119.84
641.992	2121.82
643.735	1953.81
645.479	2117.79
647.221	2109.77
648.962	2105.76
650.706	2085.74
652.446	2103.72
654.187	2107.7
655.927	2047.69
657.667	2243.67
659.404	2051.65
661.144	2121.64
662.882	2059.62
664.621	2141.6
666.357	2155.58
668.095	2227.57
669.831	2235.55
671.568	2197.53
673.302	2107.52
675.037	2189.5
676.771	2193.48
678.507	2217.47
680.241	2199.45
681.974	2227.43
683.707	2363.41
685.439	2225.4
687.169	2187.38
688.901	2359.36
690.633	2291.35
692.362	2201.33
694.093	2223.31
695.823	2253.29
697.552	2209.28
699.279	2233.26
701.009	2409.24
702.736	2317.23
704.463	2257.21
706.19	2361.19
707.916	2233.18
709.642	2205.16
711.367	2275.14
713.092	2273.12
714.817	2275.11
716.54	2545.09
718.264	2343.07
719.988	2409.06
721.71	2397.04
723.431	2377.02
725.154	2265
726.875	2250.99
728.595	2362.97
730.317	2350.95
732.036	2424.94
733.756	2372.92
735.475	2234.9
737.193	2330.89
738.91	2330.87
740.628	2462.85
742.345	2316.83
744.063	2542.82
745.778	2440.8
747.494	2442.78
749.209	2528.77
750.923	2488.75
752.639	2490.73
754.352	2372.72
756.065	2522.7
757.778	2460.68
759.49	2330.66
761.202	2236.65
762.914	2406.63
764.625	2238.61
766.337	2374.6
768.045	2292.58
769.756	2230.56
771.466	2398.54
773.174	2280.53
774.883	2308.51
776.591	2272.49
778.297	2406.48
780.004	2146.46
781.712	2286.44
783.418	2188.43
785.124	2448.41
786.829	2482.39
788.534	2316.37
790.237	2206.36
791.941	2378.34
793.645	2288.32
795.346	2322.31
797.05	2294.29
798.751	2198.27
800.453	2366.26
802.154	2264.24
803.854	2322.22
805.556	2248.2
807.255	2372.19
808.954	2420.17
810.653	2272.15
812.351	2464.14
814.049	2426.12
815.745	2410.1
817.443	2458.08
819.14	2576.07
820.835	2328.05
822.531	2474.03
824.226	2504.02
825.921	2476
827.615	2497.98
829.308	2447.96
831.001	2391.95
832.694	2345.93
834.386	2481.91
836.078	2337.9
837.77	2401.88
839.461	2357.86
841.152	2435.85
842.841	2419.83
844.531	2547.81
846.22	2509.79
847.909	2399.78
849.597	2473.76
851.286	2591.74
852.973	2467.73
854.659	2351.71
856.346	2557.69
858.031	2519.68
859.717	2465.66
861.402	2431.64
863.087	2313.62
864.772	2527.61
866.454	2457.59
868.138	2437.57
869.82	2363.56
871.503	2425.54
873.184	2533.52
874.867	2545.51
876.548	2511.49
878.228	2545.47
879.908	2397.45
881.587	2497.44
883.266	2391.42
884.945	2559.4
886.624	2563.39
888.302	2481.37
889.978	2597.35
891.656	2447.33
893.333	2489.32
895.008	2487.3
896.683	2481.28
898.359	2529.27
900.033	2433.25
901.707	2567.23
903.381	2493.22
905.054	2533.2
906.727	2495.18
908.399	2471.16
910.071	2483.15
911.743	2547.13
913.413	2515.11
915.084	2459.1
916.755	2497.08
918.424	2543.06
920.092	2495.04
921.762	2525.03
923.43	2439.01
925.098	2474.99
926.765	2544.98
928.432	2406.96
930.098	2452.94
931.764	2360.93
933.43	2404.91
935.096	2532.89
936.759	2470.87
938.424	2432.86
940.089	2514.84
941.751	2468.82
943.413	2372.81
945.077	2380.79
946.739	2522.77
948.4	2498.76
950.061	2602.74
951.721	2462.72
953.381	2486.7
955.041	2422.69
956.701	2500.67
958.358	2514.65
960.017	2448.64
961.676	2506.62
963.333	2398.6
964.989	2456.58
966.647	2590.57
968.302	2456.55
969.957	2504.53
971.612	2478.52
973.267	2394.5
974.921	2434.48
976.575	2530.46
978.229	2444.45
979.882	2358.43
981.535	2394.41
983.186	2410.4
984.839	2392.38
986.489	2372.36
988.141	2400.35
989.79	2446.33
991.44	2390.31
993.089	2466.29
994.737	2528.28
996.386	2462.26
998.034	2612.24
999.682	2538.23
1001.33	2726.21
1002.98	2652.19
1004.62	2614.18
1006.27	2596.16
1007.91	2442.14
1009.56	2356.12
1011.2	2508.11
1012.85	2422.09
1014.49	2354.07
1016.13	2300.06
1017.78	2356.04
1019.42	2206.02
1021.06	2382
1022.7	2341.99
1024.34	2407.97
1025.98	2305.95
1027.62	2361.94
1029.26	2631.92
1030.9	2337.9
1032.54	2383.89
1034.18	2429.87
1035.81	2383.85
1037.45	2157.83
1039.09	2405.82
1040.72	2295.8
1042.36	2345.78
1043.99	2325.77
1045.63	2341.75
1047.26	2287.73
1048.9	2339.72
1050.53	2301.7
1052.17	2319.68
1053.8	2305.66
1055.43	2229.65
1057.06	2197.63
1058.69	2233.61
1060.32	2095.6
1061.95	2293.58
1063.58	2293.56
1065.21	2253.54
1066.84	2163.53
1068.47	2193.51
1070.1	2209.49
1071.73	2117.48
1073.35	2199.46
1074.98	2127.44
1076.61	2043.43
1078.23	2235.41
1079.86	2189.39
1081.48	2289.37
1083.11	2089.36
1084.73	2183.34
1086.36	2237.32
1087.98	2125.31
1089.6	2059.29
1091.23	2171.27
1092.85	2237.25
1094.47	2235.24
1096.09	2051.22
1097.71	2077.2
1099.33	2135.19
1100.95	2063.17
1102.57	2235.15
1104.19	2349.14
1105.81	2195.12
1107.42	2111.1
1109.04	2151.08
1110.66	2123.07
1112.28	2279.05
1113.89	2221.03
1115.51	2297.02
1117.12	2309
1118.74	2340.98
1120.35	2192.97
1121.97	2344.95
1123.58	2332.93
1125.19	2410.91
1126.81	2362.9
1128.42	2384.88
1130.03	2268.86
1131.64	2366.85
1133.25	2396.83
1134.86	2226.81
1136.47	2282.79
1138.08	2402.78
1139.69	2360.76
1141.3	2156.74
1142.91	2302.73
1144.52	2368.71
1146.12	2306.69
1147.73	2286.68
1149.33	2376.66
1150.94	2288.64
1152.55	2424.62
1154.15	2200.61
1155.76	2372.59
1157.36	2422.57
1158.96	2336.56
1160.57	2306.54
1162.17	2340.52
1163.77	2342.5
1165.37	2340.49
1166.98	2326.47
1168.58	2478.45
1170.18	2376.44
1171.78	2442.42
1173.38	2386.4
1174.98	2422.39
1176.58	2466.37
1178.17	2526.35
1179.77	2434.33
1181.37	2408.32
1182.97	2484.3
1184.56	2382.28
1186.16	2410.27
1187.76	2348.25
1189.35	2406.23
1190.95	2358.22
1192.54	2386.2
1194.14	2462.18
1195.73	2502.16
1197.32	2404.15
1198.91	2584.13
1200.51	2534.11
1202.1	2516.1
1203.69	2514.08
1205.28	2568.06
1206.87	2506.04
1208.46	2518.03
1210.05	2524.01
1211.64	2573.99
1213.23	2425.98
1214.82	2585.96
1216.4	2509.94
1217.99	2467.92
1219.58	2399.91
1221.16	2525.89
1222.75	2485.87
1224.34	2529.86
1225.92	2473.84
1227.51	2533.82
1229.09	2471.81
1230.67	2523.79
1232.26	2577.77
1233.84	2591.75
1235.42	2539.74
1237	2641.72
1238.59	2591.7
1240.17	2551.69
1241.75	2573.67
1243.33	2601.65
1244.91	2623.64
1246.49	2597.62
1248.07	2523.6
1249.65	2641.58
1251.22	2525.57
1252.8	2567.55
1254.38	2607.53
1255.96	2599.52
1257.53	2525.5
1259.11	2459.48
1260.68	2561.47
1262.26	2493.45
1263.83	2547.43
1265.41	2541.41
1266.98	2569.4
1268.55	2557.38
1270.13	2709.36
1271.7	2529.35
1273.27	2513.33
1274.84	2571.31
1276.41	2547.29
1277.98	2591.28
1279.55	2509.26
1281.12	2637.24
1282.69	2661.23
1284.26	2557.21
1285.83	2635.19
1287.4	2645.18
1288.97	2543.16
1290.53	2671.14
1292.1	2511.12
1293.67	2655.11
1295.23	2591.09
1296.8	2651.07
1298.36	2535.06
1299.93	2577.04
1301.49	2641.02
1303.06	2595
1304.62	2712.99
1306.18	2550.97
1307.74	2700.95
1309.31	2642.94
1310.87	2616.92
1312.43	2650.9
1313.99	2644.89
1315.55	2612.87
1317.11	2568.85
1318.67	2610.83
1320.23	2676.82
1321.78	2716.8
1323.34	2784.78
1324.9	2632.77
1326.46	2714.75
1328.01	2602.73
1329.57	2542.72
1331.13	2592.7
1332.68	2512.68
1334.24	2676.66
1335.79	2484.65
1337.34	2598.63
1338.9	2612.61
1340.45	2576.6
1342	2462.58
1343.56	2754.56
1345.11	2508.54
1346.66	2518.53
1348.21	2462.51
1349.76	2366.49
1351.31	2378.48
1352.86	2378.46
1354.41	2474.44
1355.96	2438.43
1357.51	2528.41
1359.06	2496.39
1360.6	2346.37
1362.15	2492.36
1363.7	2464.34
1365.24	2326.32
1366.79	2528.31
1368.33	2414.29
1369.88	2440.27
1371.42	2460.25
1372.97	2414.24
1374.51	2374.22
1376.05	2486.2
1377.6	2468.19
1379.14	2524.17
1380.68	2380.15
1382.22	2490.14
1383.76	2402.12
1385.3	2372.1
1386.84	2516.08
1388.38	2440.07
1389.92	2528.05
1391.46	2374.03
1393	2446.02
1394.54	2458
1396.07	2445.98
1397.61	2493.96
1399.15	2459.95
1400.68	2503.93
1402.22	2483.91
1403.76	2445.9
1405.29	2543.88
1406.82	2429.86
1408.36	2359.85
1409.89	2419.83
1411.43	2449.81
1412.96	2523.79
1414.49	2449.78
1416.02	2567.76
1417.55	2467.74
1419.09	2481.73
1420.62	2449.71
1422.15	2539.69
1423.67	2507.67
1425.2	2397.66
1426.73	2465.64
1428.26	2497.62
1429.79	2437.61
1431.32	2601.59
1432.84	2597.57
1434.37	2693.56
1435.9	2655.54
1437.42	2717.52
1438.95	2807.5
1440.47	2685.49
1442	2643.47
1443.52	2747.45
1445.05	2671.44
1446.57	2725.42
1448.09	2629.4
1449.61	2839.39
1451.14	2703.37
1452.66	2535.35
1454.18	2533.33
1455.7	2651.32
1457.22	2645.3
1458.74	2599.28
1460.26	2649.27
1461.78	2579.25
1463.3	2543.23
1464.81	2681.21
1466.33	2501.2
1467.85	2555.18
1469.36	2517.16
1470.88	2439.15
1472.4	2539.13
1473.91	2461.11
1475.43	2505.09
1476.94	2587.08
1478.46	2477.06
1479.97	2439.04
1481.48	2435.03
1483	2373.01
1484.51	2334.99
1486.02	2454.98
1487.53	2446.96
1489.04	2444.94
1490.56	2516.93
1492.07	2442.91
1493.57	2350.89
1495.08	2464.87
1496.59	2382.86
1498.1	2406.84
1499.61	2468.82
1501.12	2334.81
1502.63	2366.79
1504.13	2424.77
1505.64	2510.75
1507.14	2460.74
1508.65	2338.72
1510.15	2414.7
1511.66	2372.69
1513.16	2474.67
1514.67	2460.65
1516.17	2512.64
1517.67	2450.62
1519.18	2450.6
1520.68	2488.58
1522.18	2524.57
1523.68	2548.55
1525.18	2414.53
1526.68	2448.52
1528.18	2380.5
1529.68	2508.48
1531.18	2452.46
1532.68	2508.45
1534.18	2428.43
1535.68	2508.41
1537.18	2434.4
1538.67	2566.38
1540.17	2400.36
1541.66	2458.35
1543.16	2486.33
1544.65	2458.31
1546.15	2386.29
1547.65	2508.28
1549.14	2482.26
1550.63	2482.24
1552.13	2458.23
1553.62	2476.21
1555.11	2466.19
1556.6	2492.17
1558.09	2504.16
1559.58	2498.14
1561.08	2396.12
1562.57	2452.11
1564.06	2596.09
1565.55	2410.07
1567.03	2416.06
1568.52	2498.04
1570.01	2502.02
1571.5	2462
1572.99	2455.99
1574.47	2407.97
1575.96	2447.95
1577.44	2525.94
1578.93	2461.92
1580.41	2649.9
1581.9	2447.89
1583.38	2649.87
1584.87	2451.85
1586.35	2479.83
1587.83	2565.82
1589.32	2527.8
1590.8	2531.78
1592.28	2519.77
1593.76	2465.75
1595.24	2447.73
1596.72	2409.71
1598.2	2421.7
1599.68	2559.68
1601.16	2461.66
1602.64	2431.65
1604.12	2499.63
1605.6	2435.61
1607.07	2469.6
1608.55	2377.58
1610.03	2415.56
1611.5	2453.54
1612.98	2523.53
1614.45	2487.51
1615.93	2439.49
1617.4	2431.48
1618.88	2393.46
1620.35	2511.44
1621.82	2443.42
1623.3	2459.41
1624.77	2497.39
1626.24	2455.37
1627.71	2491.36
1629.18	2475.34
1630.65	2507.32
1632.13	2477.31
1633.59	2441.29
1635.06	2417.27
1636.53	2497.25
1638	2575.24
1639.47	2547.22
1640.94	2569.2
1642.41	2549.19
1643.87	2551.17
1645.34	2539.15
1646.8	2595.13
1648.27	2645.12
1649.73	2621.1
1651.2	2667.08
1652.66	2725.07
1654.13	2591.05
1655.59	2579.03
1657.05	2641.02
1658.52	2695
1659.98	2682.98
1661.44	2686.96
1662.9	2502.95
1664.36	2622.93
1665.82	2674.91
1667.28	2584.9
1668.74	2652.88
1670.2	2620.86
1671.66	2530.85
1673.12	2630.83
1674.58	2540.81
1676.03	2558.79
1677.49	2412.78
1678.95	2446.76
1680.41	2418.74
1681.86	2392.73
1683.32	2440.71
1684.77	2412.69
1686.23	2367.21
1687.68	2436.54
1689.13	2449.94
1690.59	2291.22
1692.04	2338.2
1693.49	2331.78
1694.95	2422.06
1696.4	2376.27
1697.85	2384.31
1699.3	2357.94
1700.75	2276.59
1702.2	2285.58
1703.65	2253.91
1705.1	2372.07
1706.55	2263.17
1707.99	2291.29
1709.44	2259.31
1710.89	2328.39
1712.34	2345.5
1713.78	2307.37
1715.23	2332.47
1716.67	2303.3
1718.12	2255.09
1719.57	2296.57
1721.01	2378.06
1722.45	2460.91
1723.9	2295.19
1725.34	2392.99
1726.78	2342.93
1728.23	2380.96
1729.67	2328.69
1731.11	2344.27
1732.55	2351.92
1733.99	2312.76
1735.43	2417.53
1736.87	2325.35
1738.31	2346.69
1739.75	2295.62
1741.19	2303.24
1742.63	2335.81
1744.06	2310.21
1745.5	2320.23
1746.94	2355.09
1748.38	2318.42
1749.81	2309.68
1751.25	2393.87
1752.68	2351.59
1754.12	2384.3
1755.55	2360.56
1756.99	2402.89
1758.42	2408.76
1759.85	2415.64
1761.29	2315.73
1762.72	2372.32
1764.15	2411.15
1765.58	2459.39
1767.01	2380.98
1768.44	2331.96
1769.88	2422.84
1771.31	2432.59
1772.73	2309.93
1774.16	2425.43
1775.59	2347.01
1777.02	2317.67
1778.45	2372.46
1779.88	2324.92
1781.3	2347.46
1782.73	2363.58
1784.15	2375.57
1785.58	2357.07
1787	2325
1788.43	2324.16
1789.86	2371.89
1791.28	2317.94
1792.7	2331.68
1794.13	2331.35
1795.55	2296.49
1796.97	2342.33
1798.39	2305.34
1799.82	2230.98
1801.23	2366.83
1802.66	2306.15
1804.08	2308.35
1805.5	2355.34
1806.92	2391.53
1808.34	2310.07
1809.75	2283.39
1811.17	2279.52
1812.59	2266.39
1814.01	2303.71
1815.42	2354.98
1816.84	2292.13
1818.26	2257.88
1819.67	2271.45
1821.09	2341.93
1822.5	2311.63
1823.92	2265.05
1825.33	2268.81
1826.74	2304.68
1828.16	2339.95
1829.57	2272.66
1830.98	2225.29
1832.4	2304.25
1833.81	2337.74
1835.22	2315.82
1836.63	2283.2
1837.77	2301.38
1839.24	2365.34
1840.71	2267.29
1842.17	2429.25
1843.64	2235.2
1845.11	2331.16
1846.57	2363.11
1848.04	2259.06
1849.5	2331.02
1850.97	2462.97
1852.43	2382.93
1853.9	2338.88
1855.36	2280.83
1856.83	2262.79
1858.29	2356.74
1859.75	2390.7
1861.22	2310.65
1862.68	2366.61
1864.14	2360.56
1865.6	2404.51
1867.06	2342.47
1868.52	2432.42
1869.98	2348.38
1871.44	2384.33
1872.9	2480.28
1874.36	2312.24
1875.82	2298.19
1877.28	2380.15
1878.74	2240.1
1880.2	2334.06
1881.65	2382.01
1883.11	2281.96
1884.57	2397.92
1886.02	2335.87
1887.48	2389.83
1888.93	2403.78
1890.39	2287.74
1891.84	2287.69
1893.3	2357.64
1894.75	2287.6
1896.21	2317.55
1897.66	2307.51
1899.11	2293.46
1900.57	2315.41
1902.02	2357.37
1903.47	2239.32
1904.92	2245.28
1906.37	2247.23
1907.82	2287.18
1909.27	2427.14
1910.72	2293.09
1912.17	2263.05
1913.62	2289
1915.07	2364.96
1916.52	2340.91
1917.97	2244.86
1919.42	2294.82
1920.87	2224.77
1922.31	2340.73
1923.76	2284.68
1925.21	2318.63
1926.65	2302.59
1928.1	2326.54
1929.55	2324.5
1930.99	2296.45
1932.44	2306.41
1933.88	2376.36
1935.32	2244.31
1936.77	2324.27
1938.21	2298.22
1939.65	2236.18
1941.1	2350.13
1942.54	2274.09
1943.98	2308.04
1945.42	2345.99
1946.86	2273.95
1948.3	2281.9
1949.74	2283.86
1951.18	2313.81
1952.62	2345.76
1954.06	2285.72
1955.5	2331.67
1956.94	2341.63
1958.38	2293.58
1959.82	2447.53
1961.25	2339.49
1962.69	2187.44
1964.13	2341.4
1965.56	2321.35
1967	2383.31
1968.43	2301.26
1969.87	2385.21
1971.31	2335.17
1972.74	2375.12
1974.17	2375.08
1975.61	2385.03
1977.04	2374.98
1978.47	2432.94
1979.91	2270.89
1981.34	2392.85
1982.77	2336.8
1984.2	2318.76
1985.63	2418.71
1987.06	2414.66
1988.5	2458.62
1989.93	2306.57
1991.35	2466.53
1992.78	2420.48
1994.21	2342.44
1995.64	2432.39
1997.07	2362.34
1998.5	2368.3
1999.93	2404.25
2001.35	2372.21
2002.78	2298.16
2004.21	2362.11
2005.63	2478.07
2007.06	2360.02
2008.49	2341.98
2009.91	2427.93
2011.33	2431.89
2012.76	2421.84
2014.18	2261.79
2015.61	2303.75
2017.03	2269.7
2018.45	2295.66
2019.88	2399.61
2021.3	2263.56
2022.72	2263.52
2024.14	2295.47
2025.56	2277.43
2026.98	2235.38
2028.4	2313.33
2029.82	2339.29
2031.24	2369.24
2032.66	2305.2
2034.08	2289.15
2035.5	2269.11
2036.92	2295.06
2038.34	2199.01
2039.75	2310.97
2041.17	2258.92
2042.59	2172.88
2044	2164.83
2045.42	2300.79
2046.84	2232.74
2048.25	2260.69
2049.67	2246.65
2051.08	2180.6
2052.5	2308.56
2053.91	2308.51
2055.32	2284.46
2056.74	2274.42
2058.15	2234.37
2059.56	2160.33
2060.97	2258.28
2062.39	2238.24
2063.8	2314.19
2065.21	2244.14
2066.62	2362.1
2068.03	2326.05
2069.44	2252.01
2070.85	2279.96
2072.26	2355.91
2073.67	2271.87
2075.07	2205.82
2076.48	2223.78
2077.89	2239.73
2079.3	2259.69
2080.71	2269.64
2082.11	2335.59
2083.52	2235.55
2084.92	2277.5
2086.33	2239.46
2087.74	2279.41
2089.14	2227.36
2090.55	2343.32
2091.95	2255.27
2093.35	2243.23
2094.76	2325.18
2096.16	2369.14
2097.56	2373.09
2098.96	2269.04
2100.37	2255
2101.77	2322.95
2103.17	2326.91
2104.57	2364.86
2105.97	2402.81
2107.37	2394.77
2108.77	2390.72
2110.17	2456.68
2111.57	2350.63
2112.97	2342.59
2114.37	2336.54
2115.77	2374.49
2117.16	2290.45
2118.56	2462.4
2119.96	2292.36
2121.36	2366.31
2122.75	2338.26
2124.15	2476.22
2125.54	2342.17
2126.94	2336.13
2128.33	2288.08
2129.73	2346.04
2131.12	2357.99
2132.52	2435.94
2133.91	2387.9
2135.3	2401.85
2136.69	2359.81
2138.09	2333.76
2139.48	2317.71
2140.87	2397.67
2142.26	2385.62
2143.65	2353.58
2145.04	2333.53
2146.43	2365.49
2147.82	2265.44
2149.21	2307.39
2150.6	2323.35
2151.99	2297.3
2153.38	2297.26
2154.77	2353.21
2156.15	2275.16
2157.54	2281.12
2158.93	2265.07
2160.32	2267.03
2161.7	2392.98
2163.09	2378.94
2164.47	2238.89
2165.86	2298.84
2167.24	2298.8
2168.63	2358.75
2170.01	2224.71
2171.39	2310.66
2172.78	2338.61
2174.16	2356.57
2175.55	2284.52
2176.93	2216.48
2178.31	2334.43
2179.69	2356.39
2181.07	2198.34
2182.45	2322.29
2183.83	2356.25
2185.21	2254.2
2186.59	2368.16
2187.97	2264.11
2189.35	2184.06
2190.73	2246.02
2192.11	2293.97
2193.49	2337.93
2194.86	2249.88
2196.24	2389.84
2197.62	2353.79
2198.99	2185.74
2200.37	2267.7
2201.75	2315.65
2203.12	2391.61
2204.5	2271.56
2205.87	2333.51
2207.25	2419.47
2208.62	2265.42
2210	2275.38
2211.37	2265.33
2212.74	2359.29
2214.11	2359.24
2215.49	2341.19
2216.86	2383.15
2218.23	2365.1
2219.6	2371.06
2220.97	2345.01
2222.34	2274.96
2223.71	2302.92
2225.08	2328.87
2226.45	2356.83
2227.82	2258.78
2229.19	2372.74
2230.56	2290.69
2231.93	2364.64
2233.29	2360.6
2234.66	2312.55
2236.03	2368.51
2237.4	2306.46
2238.76	2384.42
2240.13	2374.37
2241.49	2458.32
2242.86	2392.28
2244.22	2472.23
2245.59	2426.19
2246.95	2334.14
2248.32	2446.09
2249.68	2438.05
2251.04	2380
2252.4	2393.96
2253.77	2349.91
2255.13	2369.86
2256.49	2397.82
2257.85	2451.77
2259.21	2463.73
2260.57	2455.68
2261.93	2473.64
2263.29	2447.59
2264.65	2411.54
2266.01	2429.5
2267.37	2373.45
2268.73	2449.41
2270.09	2385.36
2271.45	2435.31
2272.8	2409.27
2274.16	2431.22
2275.52	2431.18
2276.87	2349.13
2278.23	2457.09
2279.58	2365.04
2280.94	2358.99
2282.29	2434.95
2283.65	2342.9
2285	2356.86
2286.36	2412.81
2287.71	2402.77
2289.06	2340.72
2290.42	2458.67
2291.77	2352.63
2293.12	2436.58
2294.47	2400.54
2295.82	2358.49
2297.17	2468.44
2298.52	2370.4
2299.87	2310.35
2301.22	2386.31
2302.57	2410.26
2303.92	2478.21
2305.27	2398.17
2306.62	2344.12
2307.97	2268.08
2309.32	2362.03
2310.66	2313.99
2312.01	2373.94
2313.36	2239.89
2314.7	2299.85
2316.05	2399.8
2317.39	2251.76
2318.74	2385.71
2320.09	2333.66
2321.43	2337.62
2322.77	2411.57
2324.12	2283.53
2325.46	2375.48
2326.81	2375.44
2328.15	2419.39
2329.49	2359.34
2330.83	2361.3
2332.17	2337.25
2333.52	2343.21
2334.86	2353.16
2336.2	2259.12
2337.54	2285.07
2338.88	2297.02
2340.22	2300.98
2341.56	2316.93
2342.9	2344.89
2344.23	2282.84
2345.57	2292.79
2346.91	2326.75
2348.25	2260.7
2349.58	2410.66
2350.92	2292.61
2352.26	2282.57
2353.59	2256.52
2354.93	2294.47
2356.27	2266.43
2357.6	2288.38
2358.94	2332.34
2360.27	2280.29
2361.6	2336.24
2362.94	2344.2
2364.27	2262.15
2365.6	2376.11
2366.94	2252.06
2368.27	2318.01
2369.6	2239.97
2370.93	2333.92
2372.26	2347.88
2373.59	2303.83
2374.92	2243.79
2376.25	2247.74
2377.58	2261.69
2378.91	2349.65
2380.24	2305.6
2381.57	2277.56
2382.9	2327.51
2384.23	2377.47
2385.55	2331.42
2386.88	2355.37
2388.21	2321.33
2389.54	2371.28
2390.86	2335.24
2392.19	2353.19
2393.51	2287.14
2394.84	2243.1
2396.16	2327.05
2397.49	2197.01
2398.81	2340.96
2400.14	2274.92
2401.46	2266.87
2402.78	2290.82
2404.1	2174.78
2405.43	2302.73
2406.75	2280.69
2408.07	2226.64
2409.39	2208.59
2410.71	2268.55
2412.03	2240.5
2413.35	2236.46
2414.67	2224.41
2415.99	2324.36
2417.31	2290.32
2418.63	2402.27
2419.95	2280.23
2421.27	2318.18
2422.59	2360.14
2423.9	2282.09
2425.22	2210.04
2426.54	2320
2427.85	2329.95
2429.17	2231.91
2430.49	2373.86
2431.8	2383.82
2433.12	2297.77
2434.43	2283.72
2435.74	2455.68
2437.06	2371.63
2438.37	2415.59
2439.69	2327.54
2441	2345.49
2442.31	2309.45
2443.62	2387.4
2444.93	2271.36
2446.25	2291.31
2447.56	2355.27
2448.87	2285.22
2450.18	2335.17
2451.49	2235.13
2452.8	2423.08
2454.11	2373.04
2455.42	2290.99
2456.73	2298.94
2458.03	2286.9
2459.34	2404.85
2460.65	2436.81
2461.96	2292.76
2463.26	2372.72
2464.57	2386.67
2465.88	2378.62
2467.18	2300.58
2468.49	2296.53
2469.79	2370.49
2471.1	2384.44
2472.4	2384.39
2473.71	2366.35
2475.01	2374.3
2476.31	2480.26
2477.62	2410.21
2478.92	2384.17
2480.22	2276.12
2481.52	2388.07
2482.82	2288.03
2484.13	2427.98
2485.43	2347.88
2486.73	2415.77
2488.03	2403.66
2489.33	2387.56
2490.63	2219.45
2491.93	2341.34
2493.23	2423.24
2494.52	2379.13
2495.82	2335.02
2497.12	2364.92
2498.42	2414.81
2499.71	2378.7
2501.01	2356.6
2502.31	2484.49
2503.6	2398.38
2504.9	2362.28
2506.2	2398.17
2507.49	2302.07
2508.79	2303.96
2510.08	2337.85
2511.37	2375.75
2512.67	2217.64
2513.96	2435.53
2515.25	2295.43
2516.55	2387.32
2517.84	2371.21
2519.13	2385.11
2520.42	2369
2521.71	2300.89
2523	2354.79
2524.29	2374.68
2525.58	2412.58
2526.87	2408.47
2528.16	2398.36
2529.45	2366.26
2530.74	2358.15
2532.03	2328.04
2533.32	2385.94
2534.61	2299.83
2535.89	2361.72
2537.18	2313.62
2538.47	2433.51
2539.75	2329.4
2541.04	2359.3
2542.33	2323.19
2543.61	2339.08
2544.89	2364.98
2546.18	2332.87
2547.46	2490.77
2548.75	2264.66
2550.03	2296.55
2551.31	2314.45
2552.6	2350.34
2553.88	2306.23
2555.16	2422.13
2556.44	2316.02
2557.73	2469.91
2559.01	2419.81
2560.29	2341.7
2561.57	2355.59
2562.85	2355.49
2564.13	2381.38
2565.41	2427.27
2566.69	2443.17
2567.96	2421.06
2569.24	2334.96
2570.52	2352.85
2571.8	2376.74
2573.08	2296.64
2574.35	2418.53
2575.63	2306.42
2576.91	2416.32
2578.18	2384.21
2579.46	2508.1
2580.73	2416
2582.01	2489.89
2583.28	2459.78
2584.56	2397.68
2585.83	2423.57
2587.1	2293.46
2588.38	2401.36
2589.65	2393.25
2590.92	2455.14
2592.19	2461.04
2593.47	2400.93
2594.74	2506.83
2596.01	2466.72
2597.28	2408.61
2598.55	2392.51
2599.82	2464.4
2601.09	2444.29
2602.36	2476.19
2603.63	2408.08
2604.9	2437.97
2606.16	2455.87
2607.43	2435.76
2608.7	2403.65
2609.97	2457.55
2611.23	2439.44
2612.5	2423.33
2613.77	2531.23
2615.03	2535.12
2616.3	2453.02
2617.56	2468.91
2618.83	2464.8
2620.09	2454.7
2621.36	2360.59
2622.62	2506.48
2623.88	2396.38
2625.15	2460.27
2626.41	2516.16
2627.67	2428.06
2628.93	2505.95
2630.2	2481.84
2631.46	2501.74
2632.72	2467.63
2633.98	2493.53
2635.24	2515.42
2636.5	2513.31
2637.76	2387.21
2639.02	2423.1
2640.28	2412.99
2641.54	2464.89
2642.79	2512.78
2644.05	2426.67
2645.31	2410.57
2646.57	2460.46
2647.82	2528.35
2649.08	2506.25
2650.34	2444.14
2651.59	2444.03
2652.85	2465.93
2654.1	2549.82
2655.36	2561.71
2656.61	2545.61
2657.87	2499.5
2659.12	2427.4
2660.37	2433.29
2661.63	2387.18
2662.88	2423.08
2664.13	2488.97
2665.38	2472.86
2666.64	2406.76
2667.89	2410.65
2669.14	2476.54
2670.39	2488.44
2671.64	2540.33
2672.89	2442.22
2674.14	2476.12
2675.39	2400.01
2676.64	2583.9
2677.89	2471.8
2679.13	2449.69
2680.38	2463.59
2681.63	2457.48
2682.88	2451.37
2684.12	2441.27
2685.37	2509.16
2686.62	2573.05
2687.86	2490.95
2689.11	2420.84
2690.35	2444.73
2691.6	2528.63
2692.84	2520.52
2694.09	2418.41
2695.33	2606.31
2696.57	2518.2
2697.82	2500.09
2699.06	2589.99
2700.3	2571.88
2701.54	2527.78
2702.79	2435.67
2704.03	2563.56
2705.27	2529.46
2706.51	2561.35
2707.75	2563.24
2708.99	2703.14
2710.23	2535.03
2711.47	2648.92
2712.71	2576.82
2713.95	2604.71
2715.18	2596.6
2716.42	2642.5
2717.66	2642.39
2718.9	2522.29
2720.13	2540.18
2721.37	2546.07
2722.61	2631.97
2723.84	2647.86
2725.08	2569.75
2726.31	2649.65
2727.55	2503.54
2728.78	2555.43
2730.02	2693.33
2731.25	2657.22
2732.49	2603.11
2733.72	2483.01
2734.95	2664.9
2736.18	2608.79
2737.42	2586.69
2738.65	2646.58
2739.88	2582.47
2741.11	2588.37
2742.34	2570.26
2743.57	2630.16
2744.8	2582.05
2746.03	2625.94
2747.26	2633.84
2748.49	2547.73
2749.72	2615.62
2750.95	2591.52
2752.18	2651.41
2753.4	2589.3
2754.63	2591.2
2755.86	2523.09
2757.08	2594.98
2758.31	2544.88
2759.54	2602.77
2760.76	2642.66
2761.99	2624.56
2763.21	2520.45
2764.44	2534.35
2765.66	2552.24
2766.89	2488.13
2768.11	2576.03
2769.33	2589.92
2770.56	2569.81
2771.78	2557.71
2773	2539.6
2774.22	2663.49
2775.44	2535.39
2776.67	2509.28
2777.89	2537.17
2779.11	2561.07
2780.33	2580.96
2781.55	2634.85
2782.77	2574.75
2783.99	2516.64
2785.2	2460.54
2786.42	2602.43
2787.64	2548.32
2788.86	2604.22
2790.08	2512.11
2791.29	2634
2792.51	2615.9
2793.73	2573.79
2794.94	2677.68
2796.16	2509.58
2797.37	2543.47
2798.59	2541.36
2799.8	2543.26
2801.02	2571.15
2802.23	2569.05
2803.45	2632.94
2804.66	2634.83
2805.87	2606.73
2807.09	2500.62
2808.3	2662.51
2809.51	2596.41
2810.72	2634.3
2811.93	2580.19
2813.14	2626.09
2814.35	2665.98
2815.56	2627.87
2816.77	2681.77
2817.98	2671.66
2819.19	2727.55
2820.4	2657.45
2821.61	2643.34
2822.82	2721.23
2824.03	2755.13
2825.24	2781.02
2826.44	2688.92
2827.65	2774.81
2828.86	2658.7
2830.06	2824.6
2831.27	2806.49
2832.48	2830.38
2833.68	2984.28
2834.89	2842.17
2836.09	2894.06
2837.29	2919.96
2838.5	3003.85
2839.7	3133.74
2840.91	3161.64
2842.11	3251.53
2843.31	3207.42
2844.51	3275.32
2845.71	3371.21
2846.92	3389.11
2848.12	3429
2849.32	3328.89
2850.52	3566.79
2851.72	3496.68
2852.92	3418.57
2854.12	3414.47
2855.32	3458.36
2856.52	3394.25
2857.72	3424.15
2858.91	3456.04
2860.11	3469.93
2861.31	3625.83
2862.51	3443.72
2863.7	3625.61
2864.9	3619.51
2866.1	3705.4
2867.29	3827.3
2868.49	3719.19
2869.68	3771.08
2870.88	3778.98
2872.07	3836.87
2873.26	3858.76
2874.46	3778.66
2875.65	3792.55
2876.85	3882.44
2878.04	3762.34
2879.23	3804.23
2880.42	3768.12
2881.61	3754.02
2882.81	3789.91
2884	3785.81
2885.19	3841.7
2886.38	3871.59
2887.57	3825.49
2888.76	3865.38
2889.95	3797.27
2891.14	3793.17
2892.33	3783.06
2893.51	3783.49
2894.7	3778.27
2895.89	3787.47
2897.08	3691.43
2898.26	3859.78
2899.45	3814.63
2900.64	3850.48
2901.82	3865.75
2903.01	3799.02
2904.19	3847.48
2905.38	3838.89
2906.56	3805.78
2907.75	3906.49
2908.93	3940.7
2910.12	3926.67
2911.3	4042.43
2912.48	3943.98
2913.66	3918.49
2914.85	4042.61
2916.03	4004.15
2917.21	4082.72
2918.39	4121.13
2919.57	4098.92
2920.75	4162.24
2921.93	4198.9
2923.11	4328.04
2924.29	4261.95
2925.47	4378.72
2926.65	4370.69
2927.83	4321.39
2929.01	4377.9
2930.19	4318.72
2931.36	4429.04
2932.54	4424.28
2933.72	4400.52
2934.9	4390.02
2936.07	4325.65
2937.25	4391.27
2938.42	4405.19
2939.6	4263.77
2940.77	4211.13
2941.95	4223.82
2943.12	4163.67
2944.3	4143.63
2945.47	4073.76
2946.64	3949.82
2947.82	3941.73
2948.99	3958.46
2950.16	3893.1
2951.33	3876.01
2952.5	3815.21
2953.68	3817.32
2954.85	3854.69
2956.02	3792.25
2957.19	3789.45
2958.36	3776.52
2959.53	3747.79
2960.7	3705.98
2961.87	3740.51
2963.03	3624.46
2964.2	3617.98
2965.37	3619.77
2966.54	3651.65
2967.71	3565.79
2968.87	3616.01
2970.04	3551.02
2971.21	3465.13
2972.37	3507.76
2973.54	3474.75
2974.7	3398.9
2975.87	3424.85
2977.03	3339.94
2978.2	3357.64
2979.36	3364.33
2980.52	3318.32
2981.69	3280.54
2982.85	3287.74
2984.01	3273.04
2985.17	3224.03
2986.34	3240.49
2987.5	3226.76
2988.66	3155.5
2989.82	3144.19
2990.98	3161.17
2992.14	3073.66
2993.3	3136.61
2994.46	3025.42
2995.62	3017.98
2996.78	3058.57
2997.94	2929.8
2999.1	2913.69
3000.25	2968.49
3001.41	2886.9
3002.57	2891.58
3003.72	2883.87
3004.88	2924.04
3006.04	2870.39
3007.19	2868.09
3008.35	2908.58
3009.5	2911.91
3010.66	2841.88
3011.81	2760.22
3012.97	2745.71
3014.12	2783.98
3015.28	2687.17
3016.43	2698.12
3017.58	2672.64
3018.64	2752.66
3019.85	2740.59
3021.06	2612.53
3022.27	2642.47
3023.48	2702.41
3024.69	2660.34
3025.9	2710.28
3027.11	2706.22
3028.31	2658.15
3029.52	2594.09
3030.73	2650.03
3031.93	2487.97
3033.14	2595.9
3034.35	2591.84
3035.55	2555.78
3036.76	2633.72
3037.96	2597.65
3039.17	2467.59
3040.37	2593.53
3041.58	2459.46
3042.78	2515.4
3043.98	2543.34
3045.19	2477.28
3046.39	2429.21
3047.59	2581.15
3048.8	2535.09
3050	2551.02
3051.2	2512.96
3052.4	2464.9
3053.6	2610.84
3054.81	2472.77
3056.01	2600.71
3057.21	2468.65
3058.41	2508.58
3059.61	2514.52
3060.81	2478.46
3062.01	2424.4
3063.21	2476.33
3064.4	2512.27
3065.6	2390.21
3066.8	2520.15
3068	2334.08
3069.2	2566.02
3070.39	2401.96
3071.59	2399.89
3072.79	2391.83
3073.98	2415.77
3075.18	2393.71
3076.38	2149.64
3077.57	2247.58
3078.77	2319.52
3079.96	2299.46
3081.16	2211.39
3082.35	2281.33
3083.55	2199.27
3084.74	2115.2
3085.93	2301.14
3087.13	2209.08
3088.32	2279.02
3089.51	2168.95
3090.7	2162.89
3091.9	2180.83
3093.09	2094.76
3094.28	2114.7
3095.47	2134.64
3096.66	2104.58
3097.85	2016.51
3099.04	2118.45
3100.23	2082.39
3101.42	2068.32
3102.61	2018.26
3103.8	1980.2
3104.99	1984.14
3106.18	2004.07
3107.37	1976.01
3108.56	1955.95
3109.74	2031.88
3110.93	2043.82
3112.12	1989.76
3113.31	1945.7
3114.49	1871.63
3115.68	1821.57
3116.86	1863.51
3118.05	1855.45
3119.23	1809.38
3120.42	1865.32
3121.61	1827.26
3122.79	1745.19
3123.97	1795.13
3125.16	1619.07
3126.34	1793.01
3127.52	1782.94
3128.71	1696.88
3129.89	1622.82
3131.07	1756.76
3132.26	1758.69
3133.44	1740.63
3134.62	1626.57
3135.8	1582.5
3136.98	1714.44
3138.16	1640.38
3139.34	1628.32
3140.52	1632.25
3141.7	1486.19
3142.88	1754.13
3144.06	1542.06
3145.24	1514
3146.42	1451.94
3147.6	1585.88
3148.78	1497.81
3149.95	1463.75
3151.13	1507.69
3152.31	1475.62
3153.48	1489.56
3154.66	1495.5
3155.84	1445.44
3157.01	1479.37
3158.19	1353.31
3159.37	1415.25
3160.54	1311.19
3161.72	1407.12
3162.89	1139.06
3164.06	1305
3165.24	1370.93
3166.41	1366.87
3167.59	1286.81
3168.76	1320.75
3169.93	1436.68
3171.11	1276.62
3172.28	1204.56
3173.45	1204.49
3174.62	1330.43
3175.79	1188.37
3176.96	1312.31
3178.13	1278.24
3179.3	1090.18
3180.47	1012.12
3181.64	1128.06
3182.81	1147.99
3183.98	1019.93
3185.15	1021.87
3186.32	1041.8
3187.49	1055.74
3188.66	1055.68
3189.83	1027.62
3190.99	1121.55
3192.16	1129.49
3193.33	919.427
3194.5	953.364
3195.66	1135.3
3196.83	1179.24
3197.99	1073.18
3199.16	921.113
3200.32	1007.05
3201.49	944.988
3202.65	950.925
3203.82	982.862
3204.98	878.8
3206.15	884.736
3207.31	848.674
3208.48	1022.61
3209.64	922.549
3210.8	880.485
3211.96	1014.42
3213.13	834.359
3214.29	968.298
3215.45	1024.23
3216.61	926.172
3217.77	746.108
3218.93	932.046
3220.09	805.983
3221.25	963.92
3222.41	899.857
3223.57	793.795
3224.73	877.732
3225.89	957.669
3227.05	787.606
3228.21	851.544
3229.36	755.481
3230.52	909.418
3231.68	853.354
3232.84	895.293
3233.99	931.229
3235.15	835.167
3236.31	847.104
3237.46	909.042
3238.62	1016.98
3239.78	942.916
3240.93	824.853
3242.08	850.791
3243.24	974.728
3244.39	826.664
3245.55	856.602
3246.7	834.539
3247.86	810.477
3249.01	770.413
3250.16	894.351
3251.31	934.288
3252.47	852.226
3253.62	972.162
3254.77	898.099
3255.92	838.037
3257.07	811.974
3258.22	877.911
3259.37	785.848
3260.52	843.786
3261.67	923.723
3262.82	913.66
3263.97	945.597
3265.12	805.535
3266.27	901.472
3267.42	923.408
3268.57	873.346
3269.72	783.283
3270.86	943.221
3272.01	933.157
3273.16	827.096
3274.3	863.032
3275.45	1030.97
3276.6	798.906
3277.74	860.845
3278.89	868.781
3280.03	1008.72
3281.18	936.655
3282.32	798.593
3283.47	830.53
3284.61	684.467
3285.76	928.404
3286.9	844.342
3288.04	718.279
3289.19	822.216
3290.33	952.153
3291.47	924.091
3292.61	764.027
3293.76	875.965
3294.9	975.901
3296.04	843.84
3297.18	757.776
3298.32	839.714
3299.46	845.65
3300.6	969.589
3301.74	739.525
3302.88	945.463
3304.02	767.399
3305.16	927.337
3306.3	941.274
3307.44	859.211
3308.57	849.148
3309.71	831.086
3310.85	859.023
3311.99	826.96
3313.12	910.897
3314.26	844.835
3315.4	916.772
3316.53	720.709
3317.67	728.646
3318.8	766.584
3319.94	720.521
3321.07	764.458
3322.21	664.395
3323.34	856.333
3324.48	796.27
3325.61	688.207
3326.75	788.144
3327.88	900.082
3329.01	852.019
3330.14	709.955
3331.28	773.893
3332.41	727.83
3333.54	745.768
3334.67	625.704
3335.8	731.642
3336.93	767.579
3338.06	751.517
3339.2	773.453
3340.33	643.391
3341.45	715.328
3342.58	803.265
3343.71	667.202
3344.84	715.139
3345.97	623.077
3347.1	575.014
3348.23	732.951
3349.35	596.888
3350.48	604.826
3351.61	664.763
3352.74	520.699
3353.86	610.637
3354.99	644.574
3356.12	530.512
3357.24	722.448
3358.37	420.386
3359.49	728.323
3360.62	710.261
3361.74	614.197
3362.87	522.135
3363.99	542.072
3365.11	686.009
3366.24	651.946
3367.36	537.883
3368.48	617.821
3369.61	569.758
3370.73	653.695
3371.85	587.632
3372.97	639.57
3374.09	445.507
3375.22	505.444
3376.34	553.381
3377.46	503.318
3378.58	461.256
3379.7	589.192
3380.82	571.13
3381.94	331.067
3383.05	575.005
3384.17	448.941
3385.29	644.879
3386.41	574.816
3387.53	382.754
3388.65	492.69
3389.76	494.627
3390.88	602.565
3392	586.502
3393.11	404.439
3394.23	358.376
3395.35	394.314
3396.46	444.251
3397.58	484.188
3398.69	512.125
3399.81	426.063
