200.736	-6
202.596	238.076
204.453	148.15
206.312	270.226
208.169	156.301
210.025	292.376
211.883	296.451
213.739	126.527
215.594	190.602
217.449	198.677
219.303	156.753
221.158	442.828
223.011	288.903
224.865	298.979
226.718	453.053
228.568	449.129
230.42	427.204
232.272	281.279
234.122	237.354
235.973	371.43
237.824	361.504
239.672	433.58
241.52	361.655
243.37	337.73
245.217	433.806
247.064	301.881
248.912	379.956
250.758	296.031
252.604	472.107
254.449	444.182
256.294	460.257
258.139	396.333
259.983	390.408
261.827	422.483
263.668	338.559
265.512	456.633
267.354	442.708
269.195	514.784
271.037	416.859
272.878	426.935
274.718	445.01
276.557	275.085
278.397	507.16
280.235	603.235
282.073	547.31
283.913	469.386
285.75	525.461
287.586	493.537
289.423	483.612
291.259	491.688
293.094	551.762
294.929	617.837
296.764	515.912
298.597	467.988
300.431	468.063
302.264	456.138
304.096	442.214
305.929	386.289
307.759	480.364
309.592	554.439
311.422	510.515
313.253	450.589
315.082	494.665
316.911	636.74
318.739	426.815
320.57	606.891
322.397	544.966
324.225	537.041
326.052	617.117
327.878	301.192
329.702	591.267
331.528	491.342
333.354	505.418
335.179	535.492
337.002	421.568
338.826	593.643
340.648	445.718
342.472	387.793
344.293	625.869
346.116	435.944
347.937	522.019
349.757	550.094
351.577	412.169
353.398	520.245
355.217	684.321
357.036	572.396
358.855	472.471
360.673	576.546
362.49	610.621
364.306	558.696
366.122	626.772
367.939	484.847
369.753	498.922
371.569	628.998
373.385	527.073
375.198	569.147
377.011	329.223
378.825	601.298
380.637	565.374
382.449	537.449
384.262	429.524
386.073	601.599
387.884	529.675
389.694	467.75
391.504	489.825
393.313	549.901
395.123	435.976
396.929	624.051
398.738	578.126
400.546	588.202
402.354	446.277
404.159	456.352
405.966	550.427
407.771	582.502
409.577	614.578
411.381	534.653
413.185	574.728
414.988	520.804
416.793	738.878
418.595	574.954
420.397	563.029
422.199	521.104
424.001	563.18
425.802	441.255
427.601	727.33
429.401	489.406
431.201	591.48
433.001	621.556
434.798	715.631
436.597	459.707
438.393	643.781
440.192	465.857
441.988	649.932
443.783	604.007
445.58	512.082
447.375	628.158
449.17	632.232
450.964	444.308
452.758	626.383
454.551	590.458
456.344	480.534
458.137	490.609
459.929	496.684
461.719	484.76
463.511	574.835
465.302	678.91
467.091	648.985
468.882	507.061
470.67	655.136
472.46	703.211
474.247	489.286
476.034	699.361
477.821	605.437
479.61	603.512
481.396	585.587
483.182	607.663
484.967	791.737
486.752	785.813
488.535	685.889
490.319	719.963
492.103	726.039
493.887	734.114
495.668	628.189
497.451	796.265
499.232	676.34
501.014	562.415
502.794	786.49
504.573	662.565
506.355	696.641
508.134	668.716
509.912	664.792
511.69	712.866
513.468	672.941
515.246	667.017
517.023	667.092
518.799	671.167
520.576	795.243
522.35	777.318
524.126	739.394
525.901	781.468
527.674	633.543
529.449	759.619
531.221	669.694
532.993	735.769
534.767	631.845
536.538	743.92
538.309	615.995
540.08	634.07
541.85	728.146
543.62	566.22
545.39	596.296
547.159	764.371
548.928	598.446
550.696	522.521
552.463	490.597
554.23	602.672
555.996	696.748
557.763	516.823
559.528	718.898
561.294	780.973
563.059	689.049
564.822	687.124
566.588	715.199
568.351	587.274
570.114	659.349
571.876	779.424
573.638	671.5
575.4	705.575
577.159	553.65
578.92	641.725
580.681	633.8
582.442	717.876
584.2	685.951
585.959	650.026
587.717	590.102
589.474	812.178
591.232	626.252
592.989	756.328
594.745	764.403
596.5	716.478
598.256	822.553
600.013	776.629
601.765	828.704
603.519	816.779
605.273	844.854
607.027	954.929
608.78	717.004
610.531	805.08
612.284	775.155
614.034	823.23
615.786	845.306
617.536	861.381
619.287	797.456
621.036	819.532
622.784	983.606
624.532	985.682
626.28	879.757
628.028	943.833
629.775	749.908
631.522	1093.98
633.269	838.058
635.015	878.133
636.759	806.208
638.504	1026.28
640.247	1022.36
641.992	958.435
643.735	970.509
645.479	886.584
647.221	1012.66
648.962	1062.73
650.706	834.81
652.446	992.886
654.187	994.961
655.927	909.037
657.667	1095.11
659.404	1033.19
661.144	1023.26
662.882	949.337
664.621	1161.41
666.357	1035.49
668.095	1057.56
669.831	1229.64
671.568	1099.71
673.302	963.788
675.037	1143.86
676.771	1141.94
678.507	1156.01
680.241	1088.09
681.974	1110.17
683.707	1216.24
685.439	1144.32
687.169	1106.39
688.901	1248.47
690.633	1124.54
692.362	1226.62
694.093	1202.69
695.823	1078.77
697.552	1140.84
699.279	1148.92
701.009	1230.99
702.736	1195.07
704.463	1095.14
706.19	1321.22
707.916	1169.29
709.642	1123.37
711.367	1255.44
713.092	1293.52
714.817	1231.59
716.54	1335.67
718.264	1253.75
719.988	1273.82
721.71	1149.9
723.431	1073.97
725.154	1174.05
726.875	1130.12
728.595	1294.2
730.317	1210.27
732.036	1316.35
733.756	1248.42
735.475	1290.5
737.193	1246.57
738.91	1254.65
740.628	1314.72
742.345	1108.8
744.063	1554.87
745.778	1302.95
747.494	1277.02
749.209	1453.1
750.923	1323.17
752.639	1363.25
754.352	1325.33
756.065	1331.4
757.778	1293.48
759.49	1217.55
761.202	1217.63
762.914	1259.7
764.625	1283.78
766.337	1337.85
768.045	1397.93
769.756	1216
771.466	1308.08
773.174	1310.15
774.883	1410.23
776.591	1164.3
778.297	1420.38
780.004	1274.45
781.712	1140.53
783.418	1176.6
785.124	1448.68
786.829	1324.75
788.534	1354.83
790.237	1192.91
791.941	1212.98
793.645	1255.06
795.346	1331.13
797.05	1255.21
798.751	1271.28
800.453	1315.36
802.154	1247.43
803.854	1387.51
805.556	1239.58
807.255	1289.66
808.954	1481.73
810.653	1325.81
812.351	1385.88
814.049	1409.96
815.745	1450.03
817.443	1386.11
819.14	1462.18
820.835	1442.26
822.531	1540.33
824.226	1398.41
825.921	1368.49
827.615	1446.56
829.308	1446.64
831.001	1418.71
832.694	1356.79
834.386	1488.86
836.078	1358.94
837.77	1491.01
839.461	1531.09
841.152	1531.16
842.841	1561.24
844.531	1407.31
846.22	1497.39
847.909	1419.46
849.597	1527.54
851.286	1533.61
852.973	1439.69
854.659	1511.76
856.346	1535.84
858.031	1493.91
859.717	1487.99
861.402	1502.06
863.087	1448.14
864.772	1472.22
866.454	1404.29
868.138	1546.37
869.82	1418.44
871.503	1468.52
873.184	1552.59
874.867	1614.67
876.548	1600.74
878.228	1638.82
879.908	1486.89
881.587	1538.97
883.266	1449.04
884.945	1517.12
886.624	1589.19
888.302	1509.27
889.978	1649.34
891.656	1565.42
893.333	1523.49
895.008	1543.57
896.683	1581.65
898.359	1485.72
900.033	1607.8
901.707	1529.87
903.381	1577.95
905.054	1550.02
906.727	1532.1
908.399	1588.17
910.071	1534.25
911.743	1690.32
913.413	1558.4
915.084	1494.47
916.755	1512.55
918.424	1658.62
920.092	1602.7
921.762	1566.77
923.43	1480.85
925.098	1642.92
926.765	1541
928.432	1545.07
930.098	1669.15
931.764	1521.22
933.43	1493.3
935.096	1635.38
936.759	1555.45
938.424	1659.53
940.089	1417.6
941.751	1619.68
943.413	1509.75
945.077	1551.83
946.739	1671.9
948.4	1625.98
950.061	1630.05
951.721	1510.13
953.381	1582.2
955.041	1636.28
956.701	1580.35
958.358	1680.43
960.017	1568.5
961.676	1662.58
963.333	1506.65
964.989	1506.73
966.647	1576.81
968.302	1536.88
969.957	1610.96
971.612	1541.03
973.267	1497.11
974.921	1615.18
976.575	1621.26
978.229	1529.33
979.882	1515.41
981.535	1551.48
983.186	1503.56
984.839	1673.63
986.489	1481.71
988.141	1515.78
989.79	1511.86
991.44	1553.93
993.089	1562.01
994.737	1592.08
996.386	1690.16
998.034	1698.24
999.682	1832.31
1001.33	1862.39
1002.98	1908.46
1004.62	1756.54
1006.27	1842.61
1007.91	1630.69
1009.56	1558.76
1011.2	1622.84
1012.85	1612.91
1014.49	1496.99
1016.13	1581.06
1017.78	1507.14
1019.42	1461.21
1021.06	1645.29
1022.7	1459.36
1024.34	1613.44
1025.98	1513.51
1027.62	1557.59
1029.26	1769.67
1030.9	1553.74
1032.54	1575.82
1034.18	1633.89
1035.81	1509.97
1037.45	1272.04
1039.09	1546.12
1040.72	1626.19
1042.36	1532.27
1043.99	1492.34
1045.63	1544.42
1047.26	1634.49
1048.9	1610.57
1050.53	1458.64
1052.17	1474.72
1053.8	1448.79
1055.43	1318.87
1057.06	1436.94
1058.69	1595.02
1060.32	1351.09
1061.95	1523.17
1063.58	1419.24
1065.21	1393.32
1066.84	1383.4
1068.47	1469.47
1070.1	1511.55
1071.73	1325.62
1073.35	1409.7
1074.98	1323.77
1076.61	1391.85
1078.23	1413.92
1079.86	1474
1081.48	1444.07
1083.11	1260.15
1084.73	1386.22
1086.36	1342.3
1087.98	1326.37
1089.6	1450.45
1091.23	1384.52
1092.85	1376.6
1094.47	1436.67
1096.09	1404.75
1097.71	1468.82
1099.33	1390.9
1100.95	1356.98
1102.57	1457.05
1104.19	1457.13
1105.81	1499.2
1107.42	1441.28
1109.04	1347.35
1110.66	1373.43
1112.28	1497.5
1113.89	1637.58
1115.51	1491.65
1117.12	1501.73
1118.74	1559.8
1120.35	1613.88
1121.97	1665.95
1123.58	1620.03
1125.19	1658.1
1126.81	1646.18
1128.42	1564.25
1130.03	1590.33
1131.64	1592.4
1133.25	1626.48
1134.86	1456.56
1136.47	1564.63
1138.08	1628.71
1139.69	1660.78
1141.3	1550.86
1142.91	1624.93
1144.52	1635.01
1146.12	1557.08
1147.73	1671.16
1149.33	1569.23
1150.94	1529.31
1152.55	1723.38
1154.15	1585.46
1155.76	1613.53
1157.36	1647.61
1158.96	1695.68
1160.57	1607.76
1162.17	1621.83
1163.77	1695.91
1165.37	1603.99
1166.98	1642.06
1168.58	1712.14
1170.18	1762.21
1171.78	1750.29
1173.38	1660.36
1174.98	1728.44
1176.58	1834.51
1178.17	1652.59
1179.77	1712.66
1181.37	1712.74
1182.97	1676.81
1184.56	1764.89
1186.16	1650.96
1187.76	1739.04
1189.35	1663.11
1190.95	1725.19
1192.54	1647.26
1194.14	1725.34
1195.73	1681.41
1197.32	1759.49
1198.91	1837.56
1200.51	1831.64
1202.1	1767.72
1203.69	1941.79
1205.28	1859.87
1206.87	1871.94
1208.46	1882.02
1210.05	1804.09
1211.64	1844.17
1213.23	1798.24
1214.82	1870.32
1216.4	1846.39
1217.99	1882.47
1219.58	1844.54
1221.16	1796.62
1222.75	1860.69
1224.34	1892.77
1225.92	1858.84
1227.51	1882.92
1229.09	1770.99
1230.67	2005.07
1232.26	1825.14
1233.84	1873.22
1235.42	1873.3
1237	1959.37
1238.59	1949.45
1240.17	1875.52
1241.75	2057.6
1243.33	1921.67
1244.91	1943.75
1246.49	1879.82
1248.07	1857.9
1249.65	1879.97
1251.22	1854.05
1252.8	1996.12
1254.38	1928.2
1255.96	1930.27
1257.53	1986.35
1259.11	1978.42
1260.68	1958.5
1262.26	1870.57
1263.83	1966.65
1265.41	1884.72
1266.98	1894.8
1268.55	1918.88
1270.13	2002.95
1271.7	1935.03
1273.27	1919.1
1274.84	1923.18
1276.41	1855.25
1277.98	1985.33
1279.55	1933.4
1281.12	1877.48
1282.69	1951.55
1284.26	1857.63
1285.83	1991.7
1287.4	2057.78
1288.97	1939.85
1290.53	2017.93
1292.1	1906
1293.67	1962.08
1295.23	1846.16
1296.8	2100.23
1298.36	1988.31
1299.93	2072.38
1301.49	2004.46
1303.06	2000.53
1304.62	2056.61
1306.18	1958.68
1307.74	2030.76
1309.31	2086.83
1310.87	2020.91
1312.43	2096.98
1313.99	2135.06
1315.55	2003.13
1317.11	1919.21
1318.67	1967.28
1320.23	1907.36
1321.78	2097.43
1323.34	2007.51
1324.9	2109.58
1326.46	2037.66
1328.01	2009.74
1329.57	1951.81
1331.13	1979.89
1332.68	1891.96
1334.24	1994.04
1335.79	1952.11
1337.34	1964.19
1338.9	2078.26
1340.45	1990.34
1342	1994.41
1343.56	2132.49
1345.11	1938.56
1346.66	1896.64
1348.21	1950.71
1349.76	1878.79
1351.31	1954.86
1352.86	1964.94
1354.41	1831.01
1355.96	1881.09
1357.51	1847.16
1359.06	1961.24
1360.6	1821.31
1362.15	1993.39
1363.7	1949.47
1365.24	1759.54
1366.79	1939.62
1368.33	1919.69
1369.88	1915.77
1371.42	1899.84
1372.97	1833.92
1374.51	1777.99
1376.05	1930.07
1377.6	1902.14
1379.14	1846.22
1380.68	1868.29
1382.22	1902.37
1383.76	1854.44
1385.3	1724.52
1386.84	1878.59
1388.38	1926.67
1389.92	2020.74
1391.46	1842.82
1393	1922.89
1394.54	1934.97
1396.07	1955.05
1397.61	1913.12
1399.15	1907.2
1400.68	2119.27
1402.22	1873.35
1403.76	1943.42
1405.29	1947.5
1406.82	1821.57
1408.36	1855.65
1409.89	1927.72
1411.43	1953.8
1412.96	1957.87
1414.49	1981.95
1416.02	2016.02
1417.55	1948.1
1419.09	1962.17
1420.62	1966.25
1422.15	2024.32
1423.67	1854.4
1425.2	1776.48
1426.73	2000.55
1428.26	1882.63
1429.79	1838.7
1431.32	1932.78
1432.84	1970.85
1434.37	2112.93
1435.9	2239
1437.42	2159.08
1438.95	2307.15
1440.47	2073.23
1442	2069.3
1443.52	2157.38
1445.05	2165.45
1446.57	2195.53
1448.09	2239.6
1449.61	2247.68
1451.14	2129.75
1452.66	2029.83
1454.18	1985.9
1455.7	2015.98
1457.22	2060.05
1458.74	2116.13
1460.26	2100.21
1461.78	1998.28
1463.3	2020.36
1464.81	2110.43
1466.33	2004.51
1467.85	1940.58
1469.36	2004.66
1470.88	1998.73
1472.4	2002.81
1473.91	2022.88
1475.43	2000.96
1476.94	1927.03
1478.46	2025.11
1479.97	1971.18
1481.48	1891.26
1483	1819.33
1484.51	1785.41
1486.02	1951.48
1487.53	1971.56
1489.04	1879.64
1490.56	1993.71
1492.07	1985.79
1493.57	1835.86
1495.08	1997.94
1496.59	1870.01
1498.1	1952.09
1499.61	1904.16
1501.12	1922.24
1502.63	1920.31
1504.13	1908.39
1505.64	1936.46
1507.14	1966.54
1508.65	1820.61
1510.15	1866.69
1511.66	1902.76
1513.16	1850.84
1514.67	1960.91
1516.17	1954.99
1517.67	1829.06
1519.18	2023.14
1520.68	1979.21
1522.18	1859.29
1523.68	1871.37
1525.18	1967.44
1526.68	1981.52
1528.18	1861.59
1529.68	1937.67
1531.18	1853.74
1532.68	2025.82
1534.18	1917.89
1535.68	1831.97
1537.18	1952.04
1538.67	2094.12
1540.17	1946.19
1541.66	2052.27
1543.16	1972.34
1544.65	2032.42
1546.15	1936.49
1547.65	1972.57
1549.14	1924.64
1550.63	1986.72
1552.13	1914.8
1553.62	1918.87
1555.11	1918.95
1556.6	2013.02
1558.09	1953.1
1559.58	1981.17
1561.08	1913.25
1562.57	1953.32
1564.06	1997.4
1565.55	1991.47
1567.03	1951.55
1568.52	2007.62
1570.01	1905.7
1571.5	2023.77
1572.99	1967.85
1574.47	2037.92
1575.96	1952
1577.44	2074.07
1578.93	1958.15
1580.41	2046.23
1581.9	1926.3
1583.38	2164.38
1584.87	2036.45
1586.35	1998.53
1587.83	2006.6
1589.32	1984.68
1590.8	1962.75
1592.28	2018.83
1593.76	2064.9
1595.24	2068.98
1596.72	1959.05
1598.2	1943.13
1599.68	2051.2
1601.16	1965.28
1602.64	1965.35
1604.12	2007.43
1605.6	1997.5
1607.07	2021.58
1608.55	1855.65
1610.03	2069.73
1611.5	2085.8
1612.98	1947.88
1614.45	1957.96
1615.93	1958.03
1617.4	1952.11
1618.88	1860.18
1620.35	1964.26
1621.82	1862.33
1623.3	1960.41
1624.77	1944.48
1626.24	1946.56
1627.71	2046.63
1629.18	1972.71
1630.65	2054.78
1632.13	1950.86
1633.59	1960.93
1635.06	1981.01
1636.53	2073.08
1638	2153.16
1639.47	2049.23
1640.94	2077.31
1642.41	2061.39
1643.87	2043.46
1645.34	2129.54
1646.8	2091.61
1648.27	2075.69
1649.73	2119.76
1651.2	2179.84
1652.66	2325.91
1654.13	2089.99
1655.59	2214.06
1657.05	2136.14
1658.52	2174.21
1659.98	2172.29
1661.44	2142.36
1662.9	2108.44
1664.36	2172.51
1665.82	2156.59
1667.28	2170.66
1668.74	2154.74
1670.2	2126.81
1671.66	2108.89
1673.12	2204.97
1674.58	2115.04
1676.03	2115.12
1677.49	1977.19
1678.95	1993.27
1680.41	2041.34
1681.86	1963.42
1683.32	2043.49
1684.77	1925.57
1686.23	1979.95
1687.68	1940.75
1689.13	1995.39
1690.59	1963.82
1692.04	1844.7
1693.49	1909.25
1694.95	2005.24
1696.4	1935.14
1697.85	1905.06
1699.3	1923.62
1700.75	1824.03
1702.2	1847.38
1703.65	1876.84
1705.1	1942.5
1706.55	1919.56
1707.99	1872.94
1709.44	1854.33
1710.89	1912.08
1712.34	1899.84
1713.78	1908.59
1715.23	1863.72
1716.67	1854.35
1718.12	1837.59
1719.57	1859.53
1721.01	1893.09
1722.45	1916.41
1723.9	1957.12
1725.34	1847.38
1726.78	1800.01
1728.23	1922.92
1729.67	1889.94
1731.11	1896.69
1732.55	1863.44
1733.99	1882.03
1735.43	1919.59
1736.87	1931.81
1738.31	1933.97
1739.75	1901.27
1741.19	1886.82
1742.63	1923.97
1744.06	1890.03
1745.5	1941.01
1746.94	1911.27
1748.38	1927.86
1749.81	1927.59
1751.25	1931.81
1752.68	1938.33
1754.12	1932.03
1755.55	1925.79
1756.99	1953.98
1758.42	1912.13
1759.85	1932.99
1761.29	1943.23
1762.72	1938.96
1764.15	2002.54
1765.58	1990.54
1767.01	1959.91
1768.44	1930.45
1769.88	1914.55
1771.31	1913.89
1772.73	1934.87
1774.16	1930.74
1775.59	1908.3
1777.02	1895.51
1778.45	1979.29
1779.88	1900.69
1781.3	1926.82
1782.73	1923.58
1784.15	1903.42
1785.58	1828.11
1787	1855.43
1788.43	1911.8
1789.86	1904.88
1791.28	1885.41
1792.7	1908.39
1794.13	1952.86
1795.55	1960.09
1796.97	1905.09
1798.39	1828.09
1799.82	1832.32
1801.23	1917.91
1802.66	1833.16
1804.08	1800.44
1805.5	1834.43
1806.92	1913.47
1808.34	1873.38
1809.75	1853.1
1811.17	1791.75
1812.59	1899.03
1814.01	1863.4
1815.42	1929.1
1816.84	1923.01
1818.26	1855.41
1819.67	1882.6
1821.09	1907.12
1822.5	1889.22
1823.92	1876.89
1825.33	1873.94
1826.74	1902.01
1828.16	1903.13
1829.57	1858.47
1830.98	1856.47
1832.4	1859.14
1833.81	1855.67
1835.22	1888.59
1836.63	1864.89
1837.77	1959.05
1839.24	1897.06
1840.71	1797.07
1842.17	1967.08
1843.64	1893.09
1845.11	1981.1
1846.57	1997.11
1848.04	1905.12
1849.5	1953.13
1850.97	1937.14
1852.43	1925.15
1853.9	1931.16
1855.36	1935.17
1856.83	1881.18
1858.29	1989.19
1859.75	1931.2
1861.22	1979.21
1862.68	1917.22
1864.14	1929.23
1865.6	2021.24
1867.06	1999.25
1868.52	1977.26
1869.98	1953.27
1871.44	2003.28
1872.9	2017.29
1874.36	1951.3
1875.82	1921.31
1877.28	1941.32
1878.74	1955.33
1880.2	1905.34
1881.65	1897.35
1883.11	1929.36
1884.57	1937.37
1886.02	1915.38
1887.48	1981.39
1888.93	1979.4
1890.39	1913.41
1891.84	1943.42
1893.3	1955.43
1894.75	1969.44
1896.21	1893.45
1897.66	1839.46
1899.11	1991.47
1900.57	1937.48
1902.02	1909.49
1903.47	1885.5
1904.92	1887.51
1906.37	1915.52
1907.82	1961.53
1909.27	1993.54
1910.72	1891.55
1912.17	1881.56
1913.62	1867.57
1915.07	1829.58
1916.52	1849.59
1917.97	1897.6
1919.42	1925.61
1920.87	1861.62
1922.31	1823.63
1923.76	1893.64
1925.21	1955.65
1926.65	1925.66
1928.1	1819.67
1929.55	1959.68
1930.99	1899.69
1932.44	1937.7
1933.88	1923.71
1935.32	1879.72
1936.77	1959.73
1938.21	1903.74
1939.65	1835.75
1941.1	1979.76
1942.54	1961.77
1943.98	1931.78
1945.42	1879.79
1946.86	1845.8
1948.3	1961.81
1949.74	1959.82
1951.18	1931.83
1952.62	1941.84
1954.06	1987.85
1955.5	2005.86
1956.94	1999.87
1958.38	1927.88
1959.82	2037.89
1961.25	1895.89
1962.69	1945.91
1964.13	1927.91
1965.56	1977.92
1967	2005.93
1968.43	1853.94
1969.87	2047.95
1971.31	1895.96
1972.74	1971.97
1974.17	1979.98
1975.61	1989.99
1977.04	2028
1978.47	1992.01
1979.91	1974.02
1981.34	2012.03
1982.77	1902.04
1984.2	1922.05
1985.63	2028.06
1987.06	2070.07
1988.5	2032.08
1989.93	1974.09
1991.35	2044.1
1992.78	2016.11
1994.21	1968.12
1995.64	2014.13
1997.07	1984.14
1998.5	1976.15
1999.93	1966.16
2001.35	1940.17
2002.78	1976.18
2004.21	1894.19
2005.63	2048.2
2007.06	2044.21
2008.49	1958.22
2009.91	2060.23
2011.33	1934.24
2012.76	2044.25
2014.18	1914.26
2015.61	1896.27
2017.03	1870.28
2018.45	1956.29
2019.88	2034.3
2021.3	1910.31
2022.72	1956.32
2024.14	1982.33
2025.56	1930.34
2026.98	1926.35
2028.4	1996.36
2029.82	1926.37
2031.24	1924.38
2032.66	1924.39
2034.08	1906.4
2035.5	1972.41
2036.92	1898.42
2038.34	1874.43
2039.75	1968.44
2041.17	1878.45
2042.59	1866.46
2044	1868.47
2045.42	1976.48
2046.84	1934.49
2048.25	1934.5
2049.67	1906.51
2051.08	1938.52
2052.5	1898.53
2053.91	1930.54
2055.32	1936.55
2056.74	1928.56
2058.15	1886.57
2059.56	1818.58
2060.97	1914.59
2062.39	1898.6
2063.8	1976.61
2065.21	1884.62
2066.62	1924.63
2068.03	1908.64
2069.44	1926.65
2070.85	1984.66
2072.26	1996.67
2073.67	1846.68
2075.07	1902.69
2076.48	1922.7
2077.89	1938.71
2079.3	1852.72
2080.71	1932.73
2082.11	1950.74
2083.52	2002.75
2084.92	1876.76
2086.33	1934.77
2087.74	1944.78
2089.14	1942.79
2090.55	1978.8
2091.95	1934.81
2093.35	1920.82
2094.76	1910.83
2096.16	2034.84
2097.56	1942.85
2098.96	1920.86
2100.37	2004.87
2101.77	1940.88
2103.17	1948.89
2104.57	2026.9
2105.97	1944.91
2107.37	2016.92
2108.77	1938.93
2110.17	2046.94
2111.57	1950.95
2112.97	2070.96
2114.37	2002.97
2115.77	2034.97
2117.16	1968.98
2118.56	2038.99
2119.96	1995
2121.36	1919.01
2122.75	2063.02
2124.15	2021.03
2125.54	2017.04
2126.94	1995.05
2128.33	1965.06
2129.73	2019.07
2131.12	1991.08
2132.52	2005.09
2133.91	2009.1
2135.3	1983.11
2136.69	2039.12
2138.09	2011.13
2139.48	2053.14
2140.87	2033.15
2142.26	2099.16
2143.65	1981.17
2145.04	1957.18
2146.43	2009.19
2147.82	1985.2
2149.21	2043.21
2150.6	1977.22
2151.99	2035.23
2153.38	1949.24
2154.77	1973.25
2156.15	1975.26
2157.54	1955.27
2158.93	1957.28
2160.32	1953.29
2161.7	1945.3
2163.09	1969.31
2164.47	2013.32
2165.86	1979.33
2167.24	1929.34
2168.63	1933.35
2170.01	1919.36
2171.39	1959.37
2172.78	1973.38
2174.16	1887.39
2175.55	1941.4
2176.93	1939.41
2178.31	1947.42
2179.69	1969.43
2181.07	1985.44
2182.45	2065.45
2183.83	2037.46
2185.21	1957.47
2186.59	1993.48
2187.97	1915.49
2189.35	1933.5
2190.73	1895.51
2192.11	1903.52
2193.49	1949.53
2194.86	1993.54
2196.24	1921.55
2197.62	2069.56
2198.99	1959.57
2200.37	1975.58
2201.75	1965.59
2203.12	2069.6
2204.5	1913.61
2205.87	1951.62
2207.25	2033.63
2208.62	1993.64
2210	1853.65
2211.37	1983.66
2212.74	1935.67
2214.11	1981.68
2215.49	2029.69
2216.86	2077.7
2218.23	1973.71
2219.6	2037.72
2220.97	2005.73
2222.34	2003.74
2223.71	2007.75
2225.08	2003.76
2226.45	2043.77
2227.82	2037.78
2229.19	2031.79
2230.56	1993.8
2231.93	2061.81
2233.29	2133.82
2234.66	2039.83
2236.03	1999.84
2237.4	2115.85
2238.76	1963.86
2240.13	2059.87
2241.49	2063.88
2242.86	2087.89
2244.22	2117.9
2245.59	2095.91
2246.95	2077.92
2248.32	2135.93
2249.68	2051.94
2251.04	1985.95
2252.4	2087.96
2253.77	2049.97
2255.13	2105.98
2256.49	2145.99
2257.85	2170
2259.21	2054.01
2260.57	2084.02
2261.93	2050.02
2263.29	2100.04
2264.65	2100.05
2266.01	2134.05
2267.37	2064.06
2268.73	2022.07
2270.09	2172.08
2271.45	2080.09
2272.8	2070.1
2274.16	2100.11
2275.52	2126.12
2276.87	2120.13
2278.23	2084.14
2279.58	2136.15
2280.94	2078.16
2282.29	2054.17
2283.65	2010.18
2285	2160.19
2286.36	2074.2
2287.71	2132.21
2289.06	2004.22
2290.42	2060.23
2291.77	2056.24
2293.12	2106.25
2294.47	2152.26
2295.82	2058.27
2297.17	2080.28
2298.52	2046.29
2299.87	2022.3
2301.22	2096.31
2302.57	2114.32
2303.92	2134.33
2305.27	2058.34
2306.62	2058.35
2307.97	1964.36
2309.32	2094.37
2310.66	1976.38
2312.01	2018.39
2313.36	1928.4
2314.7	2092.41
2316.05	2064.42
2317.39	2032.43
2318.74	2028.44
2320.09	1972.45
2321.43	2074.46
2322.77	2006.47
2324.12	2066.48
2325.46	2114.49
2326.81	2054.5
2328.15	2092.51
2329.49	2034.52
2330.83	1984.53
2332.17	2034.54
2333.52	2068.55
2334.86	2064.56
2336.2	2052.57
2337.54	1994.58
2338.88	2016.59
2340.22	2082.6
2341.56	1966.61
2342.9	2010.62
2344.23	1978.63
2345.57	2070.64
2346.91	2060.65
2348.25	2060.66
2349.58	1992.67
2350.92	2114.68
2352.26	2118.69
2353.59	2040.7
2354.93	2010.71
2356.27	2020.72
2357.6	2060.73
2358.94	2010.74
2360.27	1978.75
2361.6	2050.76
2362.94	1976.77
2364.27	2038.78
2365.6	1982.79
2366.94	1980.8
2368.27	1906.81
2369.6	1982.82
2370.93	1956.83
2372.26	1982.84
2373.59	1996.85
2374.92	2032.86
2376.25	1966.87
2377.58	1994.88
2378.91	2008.89
2380.24	2046.9
2381.57	2064.91
2382.9	2044.92
2384.23	2038.93
2385.55	2062.94
2386.88	1928.95
2388.21	2044.96
2389.54	2040.97
2390.86	2068.98
2392.19	2050.99
2393.51	1953
2394.84	1945.01
2396.16	2045.02
2397.49	2021.03
2398.81	2067.04
2400.14	2041.05
2401.46	1931.06
2402.78	2037.07
2404.1	1919.08
2405.43	2059.09
2406.75	1995.1
2408.07	1945.1
2409.39	1971.12
2410.71	1983.12
2412.03	1881.14
2413.35	1957.14
2414.67	2045.15
2415.99	2095.16
2417.31	2067.17
2418.63	2127.18
2419.95	2083.19
2421.27	2071.2
2422.59	2061.21
2423.9	2103.22
2425.22	1943.23
2426.54	2057.24
2427.85	1993.25
2429.17	1969.26
2430.49	2029.27
2431.8	2083.28
2433.12	2021.29
2434.43	2143.3
2435.74	2055.31
2437.06	2035.32
2438.37	2111.33
2439.69	2047.34
2441	2115.35
2442.31	2005.36
2443.62	2089.37
2444.93	2023.38
2446.25	2013.39
2447.56	2121.4
2448.87	2021.41
2450.18	2071.42
2451.49	2053.43
2452.8	2127.44
2454.11	2113.45
2455.42	2081.46
2456.73	2109.47
2458.03	2081.48
2459.34	2125.49
2460.65	2115.5
2461.96	2063.51
2463.26	2007.52
2464.57	2063.53
2465.88	2151.54
2467.18	2141.55
2468.49	2115.56
2469.79	2057.57
2471.1	2039.58
2472.4	2105.59
2473.71	2081.6
2475.01	2023.61
2476.31	2099.62
2477.62	2089.63
2478.92	2103.64
2480.22	2045.65
2481.52	2101.66
2482.82	2063.67
2484.13	2107.68
2485.43	2203.82
2486.73	2081.96
2488.03	2050.1
2489.33	2084.24
2490.63	2086.38
2491.93	2162.52
2493.23	2050.66
2494.52	2172.8
2495.82	2104.94
2497.12	2109.08
2498.42	2035.22
2499.71	2101.36
2501.01	2099.5
2502.31	2169.64
2503.6	2137.78
2504.9	2095.92
2506.2	2132.06
2507.49	2046.2
2508.79	2062.34
2510.08	2070.48
2511.37	2040.62
2512.67	2094.76
2513.96	2136.9
2515.25	2105.04
2516.55	2101.18
2517.84	2081.32
2519.13	2089.46
2520.42	2077.6
2521.71	1997.74
2523	2129.88
2524.29	2152.02
2525.58	2048.16
2526.87	2146.3
2528.16	2102.44
2529.45	2082.58
2530.74	2118.72
2532.03	2084.85
2533.32	2161
2534.61	2035.14
2535.89	2083.28
2537.18	2105.41
2538.47	2145.55
2539.75	2051.69
2541.04	2153.83
2542.33	2077.97
2543.61	2140.11
2544.89	2094.25
2546.18	2108.39
2547.46	2140.53
2548.75	2098.67
2550.03	2098.81
2551.31	2058.95
2552.6	2047.09
2553.88	2081.23
2555.16	2151.37
2556.44	2039.51
2557.73	2085.65
2559.01	2049.79
2560.29	2075.93
2561.57	2158.07
2562.85	2130.21
2564.13	2148.35
2565.41	2160.49
2566.69	2050.63
2567.96	2146.77
2569.24	2146.91
2570.52	2107.05
2571.8	2097.19
2573.08	2137.33
2574.35	2149.47
2575.63	2031.61
2576.91	2147.75
2578.18	2139.89
2579.46	2236.03
2580.73	2152.17
2582.01	2212.31
2583.28	2252.45
2584.56	2146.59
2585.83	2182.73
2587.1	2094.87
2588.38	2141.01
2589.65	2137.15
2590.92	2153.29
2592.19	2213.43
2593.47	2189.57
2594.74	2259.71
2596.01	2241.85
2597.28	2215.99
2598.55	2208.13
2599.82	2220.27
2601.09	2200.41
2602.36	2300.55
2603.63	2188.69
2604.9	2164.83
2606.16	2222.97
2607.43	2141.11
2608.7	2197.25
2609.97	2183.39
2611.23	2185.53
2612.5	2195.67
2613.77	2257.81
2615.03	2189.95
2616.3	2260.09
2617.56	2238.23
2618.83	2264.37
2620.09	2214.51
2621.36	2192.65
2622.62	2128.79
2623.88	2264.93
2625.15	2211.07
2626.41	2233.21
2627.67	2231.35
2628.93	2221.49
2630.2	2181.63
2631.46	2205.77
2632.72	2235.91
2633.98	2144.05
2635.24	2212.19
2636.5	2312.32
2637.76	2200.46
2639.02	2260.6
2640.28	2168.74
2641.54	2160.88
2642.79	2155.02
2644.05	2311.16
2645.31	2177.3
2646.57	2163.44
2647.82	2311.58
2649.08	2273.72
2650.34	2199.86
2651.59	2264
2652.85	2190.14
2654.1	2288.28
2655.36	2338.42
2656.61	2278.56
2657.87	2214.7
2659.12	2212.84
2660.37	2294.98
2661.63	2227.12
2662.88	2217.26
2664.13	2215.4
2665.38	2219.54
2666.64	2217.68
2667.89	2267.82
2669.14	2175.96
2670.39	2250.1
2671.64	2238.24
2672.89	2276.38
2674.14	2234.52
2675.39	2232.66
2676.64	2316.8
2677.89	2270.94
2679.13	2263.08
2680.38	2271.22
2681.63	2287.36
2682.88	2229.5
2684.12	2239.64
2685.37	2291.78
2686.62	2233.92
2687.86	2166.06
2689.11	2216.2
2690.35	2234.34
2691.6	2384.48
2692.84	2286.62
2694.09	2230.76
2695.33	2240.9
2696.57	2277.04
2697.82	2357.18
2699.06	2339.32
2700.3	2259.46
2701.54	2371.6
2702.79	2247.74
2704.03	2285.88
2705.27	2320.02
2706.51	2394.16
2707.75	2312.3
2708.99	2418.44
2710.23	2318.58
2711.47	2384.72
2712.71	2386.86
2713.95	2425
2715.18	2447.14
2716.42	2431.28
2717.66	2385.42
2718.9	2333.56
2720.13	2375.7
2721.37	2347.84
2722.61	2411.98
2723.84	2404.12
2725.08	2406.26
2726.31	2400.4
2727.55	2428.54
2728.78	2400.68
2730.02	2420.82
2731.25	2438.95
2732.49	2391.09
2733.72	2375.23
2734.95	2461.38
2736.18	2397.51
2737.42	2395.65
2738.65	2403.79
2739.88	2403.93
2741.11	2482.07
2742.34	2484.21
2743.57	2474.35
2744.8	2382.49
2746.03	2472.63
2747.26	2458.77
2748.49	2422.91
2749.72	2375.05
2750.95	2317.19
2752.18	2507.33
2753.4	2369.47
2754.63	2347.61
2755.86	2351.75
2757.08	2371.89
2758.31	2416.03
2759.54	2412.17
2760.76	2402.31
2761.99	2434.45
2763.21	2314.59
2764.44	2426.73
2765.66	2302.87
2766.89	2403.01
2768.11	2437.15
2769.33	2399.29
2770.56	2353.43
2771.78	2373.57
2773	2269.71
2774.22	2387.85
2775.44	2359.99
2776.67	2346.13
2777.89	2402.27
2779.11	2398.41
2780.33	2364.55
2781.55	2400.69
2782.77	2300.83
2783.99	2372.97
2785.2	2395.11
2786.42	2457.25
2787.64	2393.39
2788.86	2377.53
2790.08	2321.67
2791.29	2411.81
2792.51	2373.95
2793.73	2422.09
2794.94	2486.23
2796.16	2360.37
2797.37	2330.51
2798.59	2336.65
2799.8	2388.79
2801.02	2404.93
2802.23	2413.07
2803.45	2287.21
2804.66	2489.35
2805.87	2427.49
2807.09	2405.63
2808.3	2481.77
2809.51	2409.91
2810.72	2488.05
2811.93	2414.19
2813.14	2448.33
2814.35	2510.47
2815.56	2456.61
2816.77	2548.75
2817.98	2460.89
2819.19	2579.03
2820.4	2483.17
2821.61	2563.31
2822.82	2505.45
2824.03	2587.59
2825.24	2661.73
2826.44	2557.86
2827.65	2582
2828.86	2524.14
2830.06	2708.28
2831.27	2616.42
2832.48	2758.56
2833.68	2764.7
2834.89	2598.84
2836.09	2724.98
2837.29	2749.12
2838.5	2745.26
2839.7	2925.4
2840.91	2981.54
2842.11	3003.68
2843.31	3109.82
2844.51	3191.96
2845.71	3178.1
2846.92	3220.24
2848.12	3152.38
2849.32	3290.52
2850.52	3304.66
2851.72	3280.8
2852.92	3260.94
2854.12	3245.08
2855.32	3363.22
2856.52	3277.36
2857.72	3217.5
2858.91	3303.64
2860.11	3261.78
2861.31	3387.92
2862.51	3414.06
2863.7	3466.2
2864.9	3508.34
2866.1	3568.48
2867.29	3460.62
2868.49	3574.76
2869.68	3572.9
2870.88	3653.04
2872.07	3615.18
2873.26	3775.32
2874.46	3615.46
2875.65	3729.6
2876.85	3741.74
2878.04	3653.88
2879.23	3674.02
2880.42	3594.16
2881.61	3698.3
2882.81	3670.44
2884	3580.58
2885.19	3680.72
2886.38	3652.86
2887.57	3695
2888.76	3659.14
2889.95	3657.28
2891.14	3665.42
2892.33	3731.56
2893.51	3666.25
2894.7	3664.43
2895.89	3673.94
2897.08	3673.45
2898.26	3790.79
2899.45	3767.89
2900.64	3683.89
2901.82	3760.29
2903.01	3699.11
2904.19	3740.5
2905.38	3763.78
2906.56	3757.46
2907.75	3847.35
2908.93	3838.25
2910.12	3814
2911.3	3810.07
2912.48	3820.45
2913.66	3791.54
2914.85	3985.32
2916.03	3915.54
2917.21	3921.48
2918.39	3983.5
2919.57	4048.26
2920.75	4127.67
2921.93	4131.17
2923.11	4217.43
2924.29	4209.98
2925.47	4287.83
2926.65	4334.68
2927.83	4346.29
2929.01	4288.69
2930.19	4275.58
2931.36	4362.77
2932.54	4382.63
2933.72	4357.68
2934.9	4326.34
2936.07	4288.76
2937.25	4334.26
2938.42	4350.82
2939.6	4269.23
2940.77	4225.51
2941.95	4200.5
2943.12	4089.04
2944.3	4053.78
2945.47	3983.86
2946.64	3981.3
2947.82	3934.35
2948.99	3892.46
2950.16	3822.95
2951.33	3841.12
2952.5	3829.31
2953.68	3725.58
2954.85	3733.45
2956.02	3677.51
2957.19	3681.2
2958.36	3671.45
2959.53	3617.46
2960.7	3655.75
2961.87	3690.49
2963.03	3526.85
2964.2	3525.64
2965.37	3545.35
2966.54	3480.48
2967.71	3487.93
2968.87	3452.18
2970.04	3440.86
2971.21	3367.07
2972.37	3359.6
2973.54	3341.96
2974.7	3319.56
2975.87	3340.92
2977.03	3290.81
2978.2	3296.5
2979.36	3320.08
2980.52	3227.99
2981.69	3171.63
2982.85	3180.36
2984.01	3155.66
2985.17	3055.26
2986.34	3102.43
2987.5	3065.83
2988.66	3000.07
2989.82	2967.61
2990.98	2976.02
2992.14	3019.45
2993.3	3001.25
2994.46	3018.89
2995.62	2980.97
2996.78	2893.75
2997.94	2850.63
2999.1	2794.93
3000.25	2845.49
3001.41	2807.23
3002.57	2834.87
3003.72	2778.73
3004.88	2767.72
3006.04	2710.99
3007.19	2671.07
3008.35	2667.33
3009.5	2701.28
3010.66	2719.94
3011.81	2658.04
3012.97	2585.02
3014.12	2601.33
3015.28	2594.28
3016.43	2556.65
3017.58	2582.03
3018.64	2636.44
3019.85	2592.47
3021.06	2556.5
3022.27	2618.53
3023.48	2522.56
3024.69	2442.59
3025.9	2536.62
3027.11	2520.65
3028.31	2432.67
3029.52	2518.7
3030.73	2524.73
3031.93	2428.76
3033.14	2324.79
3034.35	2530.82
3035.55	2434.85
3036.76	2382.88
3037.96	2316.91
3039.17	2334.94
3040.37	2438.96
3041.58	2412.99
3042.78	2311.02
3043.98	2461.05
3045.19	2353.08
3046.39	2365.11
3047.59	2431.14
3048.8	2357.17
3050	2337.2
3051.2	2399.23
3052.4	2421.25
3053.6	2429.28
3054.81	2413.31
3056.01	2379.34
3057.21	2389.37
3058.41	2367.4
3059.61	2421.43
3060.81	2375.46
3062.01	2403.49
3063.21	2291.52
3064.4	2471.55
3065.6	2325.57
3066.8	2293.6
3068	2281.63
3069.2	2401.66
3070.39	2207.69
3071.59	2301.72
3072.79	2291.75
3073.98	2271.78
3075.18	2143.81
3076.38	2195.84
3077.57	2115.87
3078.77	2123.89
3079.96	2135.92
3081.16	2135.95
3082.35	2181.98
3083.55	2100.01
3084.74	1944.04
3085.93	2102.07
3087.13	2048.1
3088.32	2128.13
3089.51	2082.16
3090.7	2084.18
3091.9	1952.21
3093.09	2074.24
3094.28	1946.27
3095.47	1884.3
3096.66	1958.33
3097.85	2020.36
3099.04	1962.39
3100.23	1864.42
3101.42	1972.45
3102.61	1886.48
3103.8	1882.5
3104.99	1898.53
3106.18	1834.56
3107.37	1806.59
3108.56	1896.62
3109.74	1884.65
3110.93	1856.68
3112.12	1816.71
3113.31	1782.74
3114.49	1808.77
3115.68	1764.79
3116.86	1716.82
3118.05	1714.85
3119.23	1646.88
3120.42	1680.91
3121.61	1634.94
3122.79	1598.97
3123.97	1711
3125.16	1657.03
3126.34	1663.06
3127.52	1711.09
3128.71	1577.11
3129.89	1671.14
3131.07	1549.17
3132.26	1639.2
3133.44	1501.23
3134.62	1507.26
3135.8	1357.29
3136.98	1565.32
3138.16	1519.35
3139.34	1435.38
3140.52	1409.4
3141.7	1419.43
3142.88	1469.46
3144.06	1325.49
3145.24	1449.52
3146.42	1367.55
3147.6	1393.58
3148.78	1267.61
3149.95	1187.64
3151.13	1289.67
3152.31	1167.7
3153.48	1305.72
3154.66	1385.75
3155.84	1257.78
3157.01	1259.81
3158.19	1237.84
3159.37	1217.87
3160.54	1247.9
3161.72	1215.93
3162.89	1093.96
3164.06	1115.99
3165.24	1258.02
3166.41	1138.04
3167.59	1006.07
3168.76	1172.1
3169.93	1262.13
3171.11	1226.16
3172.28	1020.19
3173.45	1172.22
3174.62	1090.25
3175.79	992.277
3176.96	884.306
3178.13	1098.33
3179.3	1044.36
3180.47	860.393
3181.64	948.422
3182.81	1052.45
3183.98	978.48
3185.15	892.509
3186.32	906.538
3187.49	854.567
3188.66	952.597
3189.83	988.625
3190.99	884.654
3192.16	946.684
3193.33	790.712
3194.5	868.741
3195.66	876.771
3196.83	1002.8
3197.99	862.828
3199.16	864.858
3200.32	782.887
3201.49	826.916
3202.65	694.944
3203.82	812.975
3204.98	797.003
3206.15	715.031
3207.31	725.062
3208.48	861.09
3209.64	661.119
3210.8	649.147
3211.96	793.178
3213.13	781.206
3214.29	677.235
3215.45	761.265
3216.61	725.294
3217.77	631.322
3218.93	767.352
3220.09	541.381
3221.25	685.409
3222.41	721.438
3223.57	667.468
3224.73	793.497
3225.89	659.525
3227.05	793.556
3228.21	655.584
3229.36	657.613
3230.52	675.643
3231.68	729.671
3232.84	585.7
3233.99	771.729
3235.15	647.759
3236.31	615.787
3237.46	705.816
3238.62	709.846
3239.78	835.875
3240.93	513.903
3242.08	573.933
3243.24	655.962
3244.39	693.99
3245.55	706.02
3246.7	680.049
3247.86	680.078
3249.01	642.106
3250.16	752.137
3251.31	796.165
3252.47	726.194
3253.62	762.223
3254.77	740.252
3255.92	758.281
3257.07	650.31
3258.22	690.34
3259.37	626.368
3260.52	714.397
3261.67	732.427
3262.82	520.456
3263.97	710.484
3265.12	636.514
3266.27	794.543
3267.42	650.571
3268.57	750.601
3269.72	622.63
3270.86	810.659
3272.01	824.688
3273.16	530.717
3274.3	748.746
3275.45	764.775
3276.6	696.804
3277.74	720.834
3278.89	690.862
3280.03	794.891
3281.18	670.921
3282.32	662.949
3283.47	662.979
3284.61	679.007
3285.76	637.037
3286.9	549.065
3288.04	577.095
3289.19	703.124
3290.33	729.153
3291.47	595.182
3292.61	625.211
3293.76	577.24
3294.9	725.269
3296.04	745.298
3297.18	477.327
3298.32	571.356
3299.46	687.385
3300.6	867.415
3301.74	541.443
3302.88	609.473
3304.02	529.501
3305.16	785.53
3306.3	555.56
3307.44	721.588
3308.57	581.618
3309.71	625.646
3310.85	615.676
3311.99	733.705
3313.12	749.734
3314.26	689.763
3315.4	687.792
3316.53	519.821
3317.67	589.85
3318.8	631.879
3319.94	513.908
3321.07	525.938
3322.21	479.966
3323.34	587.996
3324.48	690.024
3325.61	618.054
3326.75	576.082
3327.88	634.112
3329.01	630.141
3330.14	554.169
3331.28	662.199
3332.41	508.228
3333.54	516.257
3334.67	482.286
3335.8	610.315
3336.93	504.344
3338.06	486.373
3339.2	644.402
3340.33	492.432
3341.45	556.46
3342.58	446.489
3343.71	454.519
3344.84	626.547
3345.97	436.576
3347.1	404.605
3348.23	424.635
3349.35	582.663
3350.48	330.693
3351.61	568.722
3352.74	464.75
3353.86	442.78
3354.99	458.809
3356.12	528.838
3357.24	538.866
3358.37	236.896
3359.49	604.925
3360.62	656.954
3361.74	446.983
3362.87	381.013
3363.99	349.041
3365.11	413.07
3366.24	329.1
3367.36	489.128
3368.48	403.157
3369.61	331.187
3370.73	327.216
3371.85	435.244
3372.97	473.274
3374.09	335.303
3375.22	459.332
3376.34	373.36
3377.46	189.39
3378.58	421.419
3379.7	395.447
3380.82	439.478
3381.94	345.506
3383.05	337.535
3384.17	345.564
3385.29	351.594
3386.41	333.622
3387.53	329.651
3388.65	389.681
3389.76	255.709
3390.88	399.738
3392	349.768
3393.11	235.797
3394.23	273.825
3395.35	379.855
3396.46	249.884
3397.58	163.913
3398.69	351.941
3399.81	253.972
