200.736	-498
202.596	-421.913
204.453	-469.827
206.312	-379.74
208.169	-411.653
210.025	-359.567
211.883	-309.481
213.739	-383.394
215.594	-361.308
217.449	-361.221
219.303	-367.134
221.158	-205.048
223.011	-370.961
224.865	-412.875
226.718	-224.789
228.568	-230.702
230.42	-134.615
232.272	-262.529
234.122	-322.442
235.973	-332.355
237.824	-94.269
239.672	-176.182
241.52	-280.096
243.37	-208.01
245.217	-85.9233
247.064	-239.836
248.912	-85.75
250.758	-203.663
252.604	-83.5767
254.449	-149.49
256.294	-197.404
258.139	-131.317
259.983	-89.231
261.827	-237.144
263.668	-85.0576
265.512	-90.9712
267.354	-132.885
269.195	-142.797
271.037	-64.7114
272.878	-78.6245
274.718	-184.539
276.557	-220.452
278.397	-68.3657
280.235	-84.2783
282.073	-28.1924
283.913	-54.1055
285.75	-158.019
287.586	-101.933
289.423	-15.8462
291.259	-81.7593
293.094	-13.6733
294.929	-27.5864
296.764	8.49951
298.597	-97.4136
300.431	-165.326
302.264	-109.24
304.096	-139.153
305.929	-41.0674
307.759	-92.981
309.592	11.1055
311.422	-82.8071
313.253	-64.7212
315.082	-0.634277
316.911	23.4521
318.739	-4.46143
320.57	31.6255
322.397	25.7119
324.225	-84.2021
326.052	47.8848
327.878	-184.029
329.702	78.0576
331.528	-41.8555
333.354	-87.7686
335.179	-39.6826
337.002	-75.5957
338.826	22.4902
340.648	-57.4233
342.472	-137.336
344.293	120.75
346.116	54.8364
347.937	-17.0767
349.757	-56.9902
351.577	-154.903
353.398	43.1826
355.217	13.2695
357.036	-94.6445
358.855	-160.558
360.673	-32.4712
362.49	19.6157
364.306	-34.2979
366.122	-112.211
367.939	71.875
369.753	-30.0386
371.569	24.0479
373.385	76.1348
375.198	-35.7788
377.011	-145.692
378.825	52.394
380.637	-25.519
382.449	86.5679
384.262	-119.346
386.073	174.74
387.884	-21.1729
389.694	24.9131
391.504	-47
393.313	53.0874
395.123	-42.8267
396.929	-38.7397
398.738	-58.6533
400.546	5.43311
402.354	-62.481
404.159	-22.3936
405.966	5.69238
407.771	-60.2207
409.577	25.8657
411.381	-24.0479
413.185	98.0391
414.988	28.126
416.793	6.21143
418.595	-41.7017
420.397	-55.6152
422.199	-13.5288
424.001	32.5581
425.802	-63.355
427.601	218.731
429.401	22.8179
431.201	-59.0957
433.001	148.991
434.798	41.0771
436.597	-70.8359
438.393	119.25
440.192	-26.6631
441.988	107.423
443.783	37.5103
445.58	-30.4033
447.375	3.68359
449.17	63.769
450.964	69.856
452.758	61.9424
454.551	36.0293
456.344	170.116
458.137	4.20264
459.929	-5.71143
461.719	66.3755
463.511	172.462
465.302	134.548
467.091	226.635
468.882	22.7217
470.67	88.8076
472.46	162.895
474.247	18.9814
476.034	133.068
477.821	155.154
479.61	171.241
481.396	17.3267
483.182	165.414
484.967	237.5
486.752	167.587
488.535	159.674
490.319	169.76
492.103	203.847
493.887	137.934
495.668	36.0195
497.451	204.106
499.232	120.193
501.014	100.279
502.794	176.366
504.573	80.4526
506.355	186.539
508.134	102.625
509.912	162.712
511.69	230.798
513.468	158.885
515.246	184.972
517.023	135.058
518.799	225.145
520.576	237.231
522.35	375.317
524.126	265.405
525.901	159.491
527.674	165.577
529.449	243.664
531.221	257.75
532.993	223.836
534.767	229.924
536.538	196.01
538.309	108.097
540.08	236.183
541.85	78.2695
543.62	78.3555
545.39	170.443
547.159	168.529
548.928	120.616
550.696	-39.2979
552.463	130.789
554.23	146.875
555.996	108.962
557.763	139.048
559.528	245.135
561.294	253.221
563.059	171.308
564.822	165.395
566.588	155.481
568.351	97.5679
570.114	97.6543
571.876	191.74
573.638	29.8276
575.4	305.914
577.159	72.0005
578.92	82.0869
580.681	80.1733
582.442	88.2603
584.2	188.347
585.959	164.434
587.717	152.52
589.474	290.606
591.232	166.692
592.989	348.779
594.745	226.866
596.5	206.953
598.256	347.039
600.013	237.126
601.765	407.212
603.519	255.299
605.273	263.385
607.027	427.472
608.78	371.558
610.531	289.645
612.284	323.731
614.034	273.818
615.786	303.905
617.536	371.991
619.287	282.077
621.036	314.164
622.784	464.25
624.532	328.337
626.28	408.424
628.028	446.51
629.775	378.597
631.522	422.684
633.269	312.77
635.015	338.856
636.759	348.943
638.504	519.029
640.247	473.116
641.992	497.203
643.735	401.289
645.479	501.376
647.221	523.462
648.962	425.548
650.706	367.635
652.446	467.722
654.187	549.808
655.927	315.895
657.667	519.981
659.404	384.068
661.144	544.154
662.882	440.241
664.621	524.327
666.357	530.414
668.095	596.5
669.831	614.587
671.568	610.673
673.302	408.76
675.037	578.847
676.771	720.934
678.507	679.02
680.241	537.106
681.974	545.193
683.707	701.279
685.439	663.366
687.169	591.453
688.901	785.539
690.633	689.625
692.362	715.713
694.093	693.798
695.823	655.885
697.552	587.972
699.279	690.058
701.009	680.145
702.736	624.232
704.463	630.318
706.19	750.405
707.916	710.491
709.642	532.577
711.367	668.664
713.092	876.751
714.817	720.837
716.54	744.924
718.264	823.01
719.988	691.097
721.71	809.184
723.431	875.271
725.154	697.356
726.875	753.443
728.595	725.529
730.317	671.616
732.036	817.703
733.756	847.79
735.475	761.875
737.193	757.962
738.91	816.049
740.628	834.135
742.345	784.222
744.063	826.309
745.778	804.395
747.494	780.481
749.209	830.568
750.923	896.655
752.639	826.741
754.352	804.828
756.065	876.914
757.778	885
759.49	829.087
761.202	801.174
762.914	863.261
764.625	661.347
766.337	701.434
768.045	801.52
769.756	661.607
771.466	747.693
773.174	733.78
774.883	715.866
776.591	711.953
778.297	800.039
780.004	686.126
781.712	834.212
783.418	664.299
785.124	898.385
786.829	768.472
788.534	778.558
790.237	666.646
791.941	752.731
793.645	832.818
795.346	896.905
797.05	820.991
798.751	753.078
800.453	843.165
802.154	835.25
803.854	995.337
805.556	913.424
807.255	893.51
808.954	945.597
810.653	885.684
812.351	917.77
814.049	935.856
815.745	963.943
817.443	866.029
819.14	912.116
820.835	970.203
822.531	956.289
824.226	936.376
825.921	952.462
827.615	944.549
829.308	986.635
831.001	930.722
832.694	900.808
834.386	1040.9
836.078	908.981
837.77	999.068
839.461	1053.15
841.152	997.241
842.841	1117.33
844.531	1039.41
846.22	1117.5
847.909	1085.59
849.597	975.674
851.286	1165.76
852.973	955.847
854.659	1037.93
856.346	1096.02
858.031	1022.11
859.717	974.193
861.402	1066.28
863.087	972.366
864.772	1022.45
866.454	1064.54
868.138	1006.63
869.82	1040.71
871.503	1040.8
873.184	1106.89
874.867	1182.97
876.548	1143.06
878.228	1187.15
879.908	1027.23
881.587	1075.32
883.266	1077.4
884.945	1143.49
886.624	1121.58
888.302	1149.66
889.978	1201.75
891.656	1139.84
893.333	1025.92
895.008	1074.01
896.683	1110.1
898.359	976.184
900.033	1190.27
901.707	1264.36
903.381	1094.44
905.054	1200.53
906.727	1092.62
908.399	1000.7
910.071	1110.79
911.743	1162.88
913.413	1090.96
915.084	1091.05
916.755	1099.14
918.424	1135.22
920.092	1115.31
921.762	1115.39
923.43	1057.48
925.098	1219.57
926.765	1129.65
928.432	1099.74
930.098	1073.83
931.764	1193.91
933.43	1138
935.096	1122.09
936.759	1040.17
938.424	1162.26
940.089	1098.35
941.751	1176.43
943.413	1146.52
945.077	1132.61
946.739	1272.69
948.4	1138.78
950.061	1358.87
951.721	1150.95
953.381	1199.04
955.041	1129.13
956.701	1187.21
958.358	1181.3
960.017	1083.39
961.676	1141.47
963.333	1139.56
964.989	1085.65
966.647	1207.73
968.302	1155.82
969.957	1099.91
971.612	1107.99
973.267	1158.08
974.921	1182.16
976.575	1198.25
978.229	1094.34
979.882	1026.42
981.535	1118.51
983.186	1122.6
984.839	1264.68
986.489	1108.77
988.141	1172.86
989.79	1168.94
991.44	1043.03
993.089	1055.12
994.737	1077.2
996.386	1179.29
998.034	1283.38
999.682	1367.46
1001.33	1421.55
1002.98	1433.64
1004.62	1233.72
1006.27	1293.81
1007.91	1285.9
1009.56	1225.98
1011.2	1302.07
1012.85	1232.15
1014.49	1072.24
1016.13	1024.33
1017.78	1060.41
1019.42	1032.5
1021.06	1166.59
1022.7	1086.67
1024.34	1220.76
1025.98	1074.85
1027.62	1250.93
1029.26	1375.02
1030.9	1201.11
1032.54	1197.19
1034.18	1255.28
1035.81	1183.37
1037.45	1119.45
1039.09	1269.54
1040.72	1095.63
1042.36	1075.71
1043.99	1205.8
1045.63	1031.89
1047.26	1241.97
1048.9	1104.06
1050.53	1130.15
1052.17	1160.23
1053.8	1176.32
1055.43	986.405
1057.06	1040.49
1058.69	1222.58
1060.32	1104.66
1061.95	1104.75
1063.58	1012.84
1065.21	1032.92
1066.84	1061.01
1068.47	1097.1
1070.1	1067.18
1071.73	929.271
1073.35	1079.36
1074.98	887.443
1076.61	959.53
1078.23	1157.62
1079.86	1201.7
1081.48	1019.79
1083.11	883.876
1084.73	1079.96
1086.36	1058.05
1087.98	980.136
1089.6	1048.22
1091.23	1038.31
1092.85	1086.4
1094.47	1048.48
1096.09	1010.57
1097.71	1030.65
1099.33	1102.74
1100.95	1020.83
1102.57	1044.91
1104.19	1093
1105.81	1157.09
1107.42	1069.17
1109.04	1027.26
1110.66	1043.35
1112.28	1231.43
1113.89	1129.52
1115.51	1211.61
1117.12	1189.69
1118.74	1143.78
1120.35	1175.87
1121.97	1199.95
1123.58	1270.04
1125.19	1266.13
1126.81	1200.21
1128.42	1314.3
1130.03	1270.39
1131.64	1194.47
1133.25	1244.56
1134.86	1210.65
1136.47	1218.73
1138.08	1236.82
1139.69	1234.91
1141.3	1190.99
1142.91	1275.08
1144.52	1261.17
1146.12	1271.25
1147.73	1273.34
1149.33	1319.42
1150.94	1267.51
1152.55	1415.6
1154.15	1215.68
1155.76	1319.77
1157.36	1299.86
1158.96	1285.94
1160.57	1310.03
1162.17	1292.12
1163.77	1314.2
1165.37	1344.29
1166.98	1320.38
1168.58	1416.46
1170.18	1408.55
1171.78	1432.64
1173.38	1364.72
1174.98	1410.81
1176.58	1414.9
1178.17	1472.98
1179.77	1427.07
1181.37	1319.16
1182.97	1423.24
1184.56	1373.33
1186.16	1349.42
1187.76	1355.5
1189.35	1345.59
1190.95	1433.67
1192.54	1407.76
1194.14	1383.85
1195.73	1509.93
1197.32	1466.02
1198.91	1584.11
1200.51	1450.19
1202.1	1456.28
1203.69	1512.37
1205.28	1418.45
1206.87	1598.54
1208.46	1660.63
1210.05	1476.71
1211.64	1592.8
1213.23	1436.89
1214.82	1528.97
1216.4	1459.06
1217.99	1483.15
1219.58	1383.23
1221.16	1555.32
1222.75	1497.41
1224.34	1575.49
1225.92	1629.58
1227.51	1679.67
1229.09	1557.75
1230.67	1655.84
1232.26	1617.92
1233.84	1596.01
1235.42	1542.1
1237	1696.18
1238.59	1550.27
1240.17	1602.36
1241.75	1600.44
1243.33	1626.53
1244.91	1580.62
1246.49	1548.7
1248.07	1664.79
1249.65	1558.88
1251.22	1476.96
1252.8	1623.05
1254.38	1655.14
1255.96	1625.22
1257.53	1617.31
1259.11	1615.4
1260.68	1563.48
1262.26	1569.57
1263.83	1573.66
1265.41	1691.74
1266.98	1621.83
1268.55	1665.92
1270.13	1692
1271.7	1574.09
1273.27	1532.17
1274.84	1612.26
1276.41	1566.35
1277.98	1564.43
1279.55	1588.52
1281.12	1584.61
1282.69	1620.69
1284.26	1586.78
1285.83	1668.87
1287.4	1668.95
1288.97	1559.04
1290.53	1643.13
1292.1	1663.21
1293.67	1607.3
1295.23	1613.39
1296.8	1641.47
1298.36	1697.56
1299.93	1631.65
1301.49	1621.73
1303.06	1763.82
1304.62	1641.91
1306.18	1643.99
1307.74	1718.08
1309.31	1658.17
1310.87	1668.25
1312.43	1740.34
1313.99	1776.42
1315.55	1740.51
1317.11	1588.6
1318.67	1694.68
1320.23	1722.77
1321.78	1686.86
1323.34	1754.94
1324.9	1721.03
1326.46	1669.12
1328.01	1701.2
1329.57	1629.29
1331.13	1729.38
1332.68	1703.46
1334.24	1705.55
1335.79	1601.64
1337.34	1575.72
1338.9	1767.81
1340.45	1595.9
1342	1647.98
1343.56	1826.07
1345.11	1590.16
1346.66	1560.24
1348.21	1676.33
1349.76	1620.42
1351.31	1616.5
1352.86	1650.59
1354.41	1600.67
1355.96	1620.76
1357.51	1636.85
1359.06	1680.93
1360.6	1577.02
1362.15	1609.11
1363.7	1639.19
1365.24	1511.28
1366.79	1659.37
1368.33	1585.45
1369.88	1651.54
1371.42	1585.63
1372.97	1603.71
1374.51	1575.8
1376.05	1509.89
1377.6	1551.97
1379.14	1610.06
1380.68	1602.15
1382.22	1620.23
1383.76	1616.32
1385.3	1526.41
1386.84	1670.49
1388.38	1598.58
1389.92	1672.67
1391.46	1662.75
1393	1640.84
1394.54	1702.92
1396.07	1761.01
1397.61	1611.1
1399.15	1667.18
1400.68	1877.27
1402.22	1661.36
1403.76	1631.44
1405.29	1781.53
1406.82	1709.62
1408.36	1545.7
1409.89	1629.79
1411.43	1739.88
1412.96	1599.96
1414.49	1648.05
1416.02	1726.14
1417.55	1634.22
1419.09	1700.31
1420.62	1660.4
1422.15	1646.48
1423.67	1624.57
1425.2	1594.66
1426.73	1686.74
1428.26	1570.83
1429.79	1624.92
1431.32	1695
1432.84	1719.09
1434.37	1755.17
1435.9	1831.26
1437.42	1793.35
1438.95	1919.43
1440.47	1899.52
1442	1845.61
1443.52	1955.69
1445.05	1833.78
1446.57	1967.87
1448.09	1847.95
1449.61	1986.04
1451.14	1918.13
1452.66	1878.21
1454.18	1736.3
1455.7	1698.39
1457.22	1898.47
1458.74	1928.56
1460.26	1830.65
1461.78	1748.73
1463.3	1660.82
1464.81	1866.91
1466.33	1738.99
1467.85	1761.08
1469.36	1725.17
1470.88	1721.25
1472.4	1735.34
1473.91	1635.42
1475.43	1739.51
1476.94	1687.6
1478.46	1771.68
1479.97	1709.77
1481.48	1709.86
1483	1643.94
1484.51	1596.03
1486.02	1590.12
1487.53	1638.2
1489.04	1570.29
1490.56	1632.38
1492.07	1676.46
1493.57	1656.55
1495.08	1670.64
1496.59	1604.72
1498.1	1746.81
1499.61	1694.9
1501.12	1616.98
1502.63	1653.07
1504.13	1711.16
1505.64	1643.24
1507.14	1685.33
1508.65	1587.42
1510.15	1637.5
1511.66	1679.59
1513.16	1717.68
1514.67	1677.76
1516.17	1683.85
1517.67	1631.93
1519.18	1628.02
1520.68	1702.11
1522.18	1672.19
1523.68	1662.28
1525.18	1720.37
1526.68	1716.45
1528.18	1656.54
1529.68	1606.63
1531.18	1628.71
1532.68	1688.8
1534.18	1622.89
1535.68	1626.97
1537.18	1707.06
1538.67	1779.15
1540.17	1693.23
1541.66	1635.32
1543.16	1727.41
1544.65	1687.49
1546.15	1687.58
1547.65	1755.67
1549.14	1633.75
1550.63	1737.84
1552.13	1655.92
1553.62	1692.01
1555.11	1668.1
1556.6	1688.18
1558.09	1678.27
1559.58	1688.36
1561.08	1700.44
1562.57	1752.53
1564.06	1774.62
1565.55	1706.7
1567.03	1752.79
1568.52	1714.88
1570.01	1670.96
1571.5	1767.05
1572.99	1803.14
1574.47	1657.22
1575.96	1803.31
1577.44	1755.4
1578.93	1751.48
1580.41	1843.57
1581.9	1599.66
1583.38	1793.74
1584.87	1739.83
1586.35	1827.92
1587.83	1700
1589.32	1762.09
1590.8	1802.18
1592.28	1794.26
1593.76	1822.35
1595.24	1814.43
1596.72	1718.52
1598.2	1820.61
1599.68	1784.69
1601.16	1750.78
1602.64	1618.87
1604.12	1784.95
1605.6	1907.04
1607.07	1801.13
1608.55	1753.21
1610.03	1707.3
1611.5	1805.39
1612.98	1583.47
1614.45	1769.56
1615.93	1771.65
1617.4	1767.73
1618.88	1707.82
1620.35	1695.91
1621.82	1617.99
1623.3	1780.08
1624.77	1744.17
1626.24	1764.25
1627.71	1818.34
1629.18	1792.42
1630.65	1816.51
1632.13	1754.6
1633.59	1642.68
1635.06	1770.77
1636.53	1736.86
1638	1854.94
1639.47	1903.03
1640.94	1869.12
1642.41	1787.2
1643.87	1863.29
1645.34	1761.38
1646.8	1847.46
1648.27	1847.55
1649.73	1769.64
1651.2	1883.72
1652.66	1927.81
1654.13	1897.9
1655.59	1867.98
1657.05	1946.07
1658.52	1954.16
1659.98	1936.24
1661.44	1776.33
1662.9	1856.42
1664.36	1902.5
1665.82	2016.59
1667.28	1996.68
1668.74	1902.76
1670.2	1908.85
1671.66	1852.94
1673.12	1851.02
1674.58	1821.11
1676.03	1851.19
1677.49	1841.28
1678.95	1813.37
1680.41	1827.45
1681.86	1739.54
1683.32	1791.63
1684.77	1807.71
1686.23	1747.96
1687.68	1702.85
1689.13	1780.23
1690.59	1714.16
1692.04	1688.97
1693.49	1706.02
1694.95	1712.21
1696.4	1689.95
1697.85	1682.88
1699.3	1635.02
1700.75	1668.55
1702.2	1662.95
1703.65	1635.78
1705.1	1685.87
1706.55	1674.42
1707.99	1667.53
1709.44	1550.92
1710.89	1652.05
1712.34	1634.02
1713.78	1653.24
1715.23	1591.28
1716.67	1654.12
1718.12	1613.27
1719.57	1589.48
1721.01	1683.8
1722.45	1672.24
1723.9	1666.16
1725.34	1640.85
1726.78	1632.79
1728.23	1671.24
1729.67	1597.51
1731.11	1628.23
1732.55	1644.33
1733.99	1655.56
1735.43	1665.74
1736.87	1676.78
1738.31	1706.52
1739.75	1654.18
1741.19	1648.51
1742.63	1717.83
1744.06	1648.79
1745.5	1682.44
1746.94	1630.67
1748.38	1681.17
1749.81	1734.61
1751.25	1696.13
1752.68	1689.6
1754.12	1678.21
1755.55	1701.49
1756.99	1704.65
1758.42	1745.66
1759.85	1754.03
1761.29	1626.46
1762.72	1694.96
1764.15	1717.78
1765.58	1765.1
1767.01	1735.27
1768.44	1663.69
1769.88	1743.64
1771.31	1743.9
1772.73	1677.87
1774.16	1742.74
1775.59	1697.68
1777.02	1745.01
1778.45	1675.75
1779.88	1677.13
1781.3	1678.41
1782.73	1710.73
1784.15	1699.45
1785.58	1704.81
1787	1678.99
1788.43	1682.63
1789.86	1715.29
1791.28	1703.57
1792.7	1726.65
1794.13	1708.87
1795.55	1684.96
1796.97	1684.39
1798.39	1680
1799.82	1671.24
1801.23	1681.06
1802.66	1715.17
1804.08	1641.19
1805.5	1691.69
1806.92	1683.97
1808.34	1705.55
1809.75	1703.97
1811.17	1621.86
1812.59	1662.03
1814.01	1689.24
1815.42	1607.65
1816.84	1668.08
1818.26	1680.82
1819.67	1689.65
1821.09	1684.37
1822.5	1647.88
1823.92	1637.47
1825.33	1655.46
1826.74	1691.69
1828.16	1718.28
1829.57	1701.23
1830.98	1682.06
1832.4	1644.02
1833.81	1669.41
1835.22	1665.69
1836.63	1636.94
1837.77	1675.74
1839.24	1723.77
1840.71	1699.79
1842.17	1671.82
1843.64	1639.84
1845.11	1715.87
1846.57	1785.89
1848.04	1721.92
1849.5	1707.94
1850.97	1779.97
1852.43	1707.99
1853.9	1688.02
1855.36	1704.04
1856.83	1680.07
1858.29	1694.09
1859.75	1682.11
1861.22	1714.14
1862.68	1782.16
1864.14	1670.19
1865.6	1764.21
1867.06	1714.24
1868.52	1768.26
1869.98	1742.29
1871.44	1686.31
1872.9	1834.34
1874.36	1616.36
1875.82	1738.39
1877.28	1790.41
1878.74	1716.43
1880.2	1750.46
1881.65	1706.48
1883.11	1680.51
1884.57	1788.53
1886.02	1646.56
1887.48	1736.58
1888.93	1732.61
1890.39	1686.63
1891.84	1724.66
1893.3	1766.68
1894.75	1742.71
1896.21	1728.73
1897.66	1694.76
1899.11	1780.78
1900.57	1722.8
1902.02	1728.83
1903.47	1774.85
1904.92	1770.88
1906.37	1600.9
1907.82	1654.93
1909.27	1884.95
1910.72	1684.98
1912.17	1769
1913.62	1757.03
1915.07	1657.05
1916.52	1657.08
1917.97	1715.1
1919.42	1635.13
1920.87	1645.15
1922.31	1643.17
1923.76	1675.2
1925.21	1663.22
1926.65	1701.25
1928.1	1685.27
1929.55	1723.3
1930.99	1699.32
1932.44	1715.35
1933.88	1707.37
1935.32	1691.4
1936.77	1631.42
1938.21	1699.45
1939.65	1657.47
1941.1	1653.49
1942.54	1687.52
1943.98	1715.54
1945.42	1687.57
1946.86	1701.59
1948.3	1699.62
1949.74	1665.64
1951.18	1765.67
1952.62	1693.69
1954.06	1743.72
1955.5	1697.74
1956.94	1825.77
1958.38	1693.79
1959.82	1811.81
1961.25	1779.84
1962.69	1681.86
1964.13	1747.89
1965.56	1687.91
1967	1715.94
1968.43	1735.96
1969.87	1845.99
1971.31	1764.01
1972.74	1810.04
1974.17	1804.06
1975.61	1774.09
1977.04	1736.11
1978.47	1760.14
1979.91	1704.16
1981.34	1772.18
1982.77	1770.21
1984.2	1798.23
1985.63	1748.26
1987.06	1804.28
1988.5	1778.31
1989.93	1800.33
1991.35	1796.36
1992.78	1814.38
1994.21	1780.41
1995.64	1928.43
1997.07	1754.46
1998.5	1738.48
1999.93	1812.51
2001.35	1802.53
2002.78	1792.55
2004.21	1800.58
2005.63	1826.6
2007.06	1834.63
2008.49	1770.65
2009.91	1838.68
2011.33	1824.7
2012.76	1820.73
2014.18	1726.75
2015.61	1724.78
2017.03	1604.8
2018.45	1750.83
2019.88	1806.85
2021.3	1628.87
2022.72	1728.9
2024.14	1790.92
2025.56	1668.95
2026.98	1668.97
2028.4	1681
2029.82	1611.02
2031.24	1749.05
2032.66	1685.07
2034.08	1643.1
2035.5	1753.12
2036.92	1711.15
2038.34	1619.17
2039.75	1725.2
2041.17	1703.22
2042.59	1631.24
2044	1703.27
2045.42	1745.29
2046.84	1711.32
2048.25	1779.34
2049.67	1713.37
2051.08	1705.39
2052.5	1781.42
2053.91	1697.44
2055.32	1659.47
2056.74	1743.49
2058.15	1727.52
2059.56	1683.54
2060.97	1655.56
2062.39	1637.59
2063.8	1699.61
2065.21	1687.64
2066.62	1729.66
2068.03	1773.69
2069.44	1745.71
2070.85	1739.74
2072.26	1681.76
2073.67	1661.79
2075.07	1691.81
2076.48	1767.84
2077.89	1709.86
2079.3	1705.89
2080.71	1719.91
2082.11	1779.93
2083.52	1715.96
2084.92	1695.98
2086.33	1714.01
2087.74	1780.03
2089.14	1804.06
2090.55	1852.08
2091.95	1786.11
2093.35	1724.13
2094.76	1784.16
2096.16	1722.18
2097.56	1800.21
2098.96	1772.23
2100.37	1774.26
2101.77	1762.28
2103.17	1794.3
2104.57	1862.33
2105.97	1776.35
2107.37	1800.38
2108.77	1816.4
2110.17	1848.43
2111.57	1810.45
2112.97	1844.48
2114.37	1772.5
2115.77	1828.53
2117.16	1740.55
2118.56	1794.58
2119.96	1820.6
2121.36	1796.62
2122.75	1842.65
2124.15	1800.67
2125.54	1908.7
2126.94	1750.72
2128.33	1836.75
2129.73	1858.77
2131.12	1824.8
2132.52	1844.82
2133.91	1834.85
2135.3	1830.87
2136.69	1838.9
2138.09	1814.92
2139.48	1750.95
2140.87	1814.97
2142.26	1834.99
2143.65	1791.02
2145.04	1769.04
2146.43	1757.07
2147.82	1807.09
2149.21	1745.12
2150.6	1747.14
2151.99	1777.17
2153.38	1743.19
2154.77	1785.22
2156.15	1879.24
2157.54	1759.27
2158.93	1767.29
2160.32	1747.31
2161.7	1755.34
2163.09	1735.36
2164.47	1715.39
2165.86	1741.41
2167.24	1665.44
2168.63	1717.46
2170.01	1763.49
2171.39	1827.51
2172.78	1757.54
2174.16	1757.56
2175.55	1725.59
2176.93	1779.61
2178.31	1721.64
2179.69	1807.66
2181.07	1779.68
2182.45	1691.71
2183.83	1791.73
2185.21	1787.76
2186.59	1777.78
2187.97	1815.81
2189.35	1737.83
2190.73	1785.86
2192.11	1733.88
2193.49	1749.91
2194.86	1753.93
2196.24	1797.96
2197.62	1801.98
2198.99	1700
2200.37	1746.03
2201.75	1786.05
2203.12	1834.08
2204.5	1840.1
2205.87	1770.13
2207.25	1780.15
2208.62	1754.18
2210	1756.2
2211.37	1768.23
2212.74	1862.25
2214.11	1814.28
2215.49	1770.3
2216.86	1870.33
2218.23	1816.35
2219.6	1778.37
2220.97	1792.4
2222.34	1850.42
2223.71	1860.45
2225.08	1878.47
2226.45	1828.5
2227.82	1874.52
2229.19	1862.55
2230.56	1800.57
2231.93	1826.6
2233.29	1924.62
2234.66	1752.65
2236.03	1820.67
2237.4	1806.69
2238.76	1924.72
2240.13	1816.74
2241.49	1918.77
2242.86	1832.79
2244.22	1924.82
2245.59	1880.84
2246.95	1868.87
2248.32	1954.89
2249.68	1878.92
2251.04	1906.94
2252.4	1870.97
2253.77	1854.99
2255.13	1789.02
2256.49	1935.04
2257.85	1969.06
2259.21	1931.09
2260.57	1835.11
2261.93	1923.14
2263.29	1861.16
2264.65	1815.19
2266.01	1881.21
2267.37	1945.24
2268.73	1805.26
2270.09	1831.29
2271.45	1917.31
2272.8	1839.34
2274.16	1881.36
2275.52	1905.39
2276.87	1879.41
2278.23	1837.43
2279.58	1887.46
2280.94	1823.48
2282.29	1855.51
2283.65	1749.53
2285	1965.56
2286.36	1849.58
2287.71	1993.61
2289.06	1823.63
2290.42	1837.66
2291.77	1811.68
2293.12	1869.71
2294.47	1845.73
2295.82	1901.75
2297.17	1911.78
2298.52	1837.8
2299.87	1785.83
2301.22	1873.85
2302.57	1927.88
2303.92	1863.9
2305.27	1887.93
2306.62	1863.95
2307.97	1867.98
2309.32	1890
2310.66	1954.03
2312.01	1832.05
2313.36	1748.07
2314.7	1820.1
2316.05	1868.12
2317.39	1826.15
2318.74	1856.17
2320.09	1820.2
2321.43	1798.22
2322.77	1818.25
2324.12	1770.27
2325.46	1876.3
2326.81	1812.32
2328.15	1970.35
2329.49	1942.37
2330.83	1774.4
2332.17	1804.42
2333.52	1858.44
2334.86	1796.47
2336.2	1910.49
2337.54	1886.52
2338.88	1784.54
2340.22	1790.57
2341.56	1786.59
2342.9	1800.62
2344.23	1730.64
2345.57	1886.67
2346.91	1828.69
2348.25	1806.72
2349.58	1778.74
2350.92	1802.77
2352.26	1856.79
2353.59	1830.81
2354.93	1852.84
2356.27	1814.86
2357.6	1844.89
2358.94	1822.91
2360.27	1828.94
2361.6	1860.96
2362.94	1814.99
2364.27	1789.01
2365.6	1783.04
2366.94	1793.06
2368.27	1805.09
2369.6	1853.11
2370.93	1845.13
2372.26	1899.16
2373.59	1805.18
2374.92	1805.21
2376.25	1827.23
2377.58	1879.26
2378.91	1739.28
2380.24	1781.31
2381.57	1801.33
2382.9	1815.36
2384.23	1817.38
2385.55	1835.41
2386.88	1805.43
2388.21	1831.46
2389.54	1885.48
2390.86	1771.5
2392.19	1815.53
2393.51	1755.55
2394.84	1847.58
2396.16	1805.6
2397.49	1857.63
2398.81	1853.65
2400.14	1803.68
2401.46	1787.7
2402.78	1809.73
2404.1	1837.75
2405.43	1865.78
2406.75	1821.8
2408.07	1823.82
2409.39	1813.85
2410.71	1805.87
2412.03	1799.9
2413.35	1841.92
2414.67	1783.95
2415.99	1779.97
2417.31	1806
2418.63	1904.02
2419.95	1890.05
2421.27	1872.07
2422.59	1846.1
2423.9	1898.12
2425.22	1776.15
2426.54	1860.17
2427.85	1802.19
2429.17	1810.22
2430.49	1890.24
2431.8	1830.27
2433.12	1766.29
2434.43	1956.32
2435.74	1902.34
2437.06	1864.37
2438.37	1916.39
2439.69	1864.42
2441	1832.44
2442.31	1846.47
2443.62	1848.49
2444.93	1782.52
2446.25	1870.54
2447.56	1890.56
2448.87	1858.59
2450.18	1866.61
2451.49	1846.64
2452.8	1934.66
2454.11	1916.69
2455.42	1920.71
2456.73	1900.74
2458.03	1892.76
2459.34	1904.79
2460.65	1974.81
2461.96	1798.84
2463.26	1940.86
2464.57	1860.88
2465.88	1896.91
2467.18	1888.93
2468.49	1904.96
2469.79	1920.98
2471.1	1899.01
2472.4	1963.03
2473.71	1885.06
2475.01	1897.08
2476.31	1931.11
2477.62	1865.13
2478.92	1881.16
2480.22	1847.18
2481.52	1871.21
2482.82	1815.23
2484.13	1925.25
2485.43	1929.43
2486.73	1927.61
2488.03	1853.78
2489.33	1969.96
2490.63	1828.13
2491.93	1906.31
2493.23	1916.48
2494.52	1854.66
2495.82	1826.84
2497.12	1915.01
2498.42	1895.19
2499.71	1887.36
2501.01	1867.54
2502.31	1915.71
2503.6	1969.89
2504.9	1884.06
2506.2	1956.24
2507.49	1850.42
2508.79	1758.59
2510.08	1966.77
2511.37	1946.94
2512.67	1819.12
2513.96	1943.29
2515.25	1841.47
2516.55	1817.65
2517.84	1883.82
2519.13	1896
2520.42	1914.17
2521.71	1944.35
2523	1878.52
2524.29	1916.7
2525.58	1896.88
2526.87	1859.05
2528.16	1951.23
2529.45	1791.4
2530.74	1873.58
2532.03	1967.75
2533.32	1875.93
2534.61	1868.11
2535.89	1842.28
2537.18	1974.46
2538.47	1920.63
2539.75	1876.81
2541.04	1890.98
2542.33	1913.16
2543.61	1951.34
2544.89	1863.51
2546.18	1905.69
2547.46	1967.86
2548.75	1918.04
2550.03	1864.21
2551.31	1916.39
2552.6	1914.57
2553.88	1894.74
2555.16	1942.92
2556.44	1891.09
2557.73	1993.27
2559.01	1919.44
2560.29	1911.62
2561.57	1901.79
2562.85	1905.97
2564.13	1916.15
2565.41	1890.32
2566.69	1906.5
2567.96	1986.67
2569.24	1964.85
2570.52	1987.02
2571.8	1891.2
2573.08	1949.38
2574.35	1971.55
2575.63	1951.73
2576.91	1973.9
2578.18	1958.08
2579.46	1984.25
2580.73	2020.43
2582.01	2060.61
2583.28	1986.78
2584.56	1964.96
2585.83	2019.13
2587.1	1933.31
2588.38	1939.48
2589.65	1971.66
2590.92	2043.84
2592.19	1968.01
2593.47	2006.19
2594.74	2000.36
2596.01	2048.54
2597.28	1972.71
2598.55	2012.89
2599.82	2049.06
2601.09	2013.24
2602.36	2061.42
2603.63	2059.59
2604.9	1997.77
2606.16	2083.94
2607.43	1962.12
2608.7	1978.29
2609.97	2044.47
2611.23	2010.65
2612.5	1932.82
2613.77	2123
2615.03	2019.17
2616.3	2061.35
2617.56	2067.52
2618.83	1995.7
2620.09	2083.88
2621.36	2006.05
2622.62	1998.23
2623.88	2000.4
2625.15	2068.58
2626.41	2138.75
2627.67	2042.93
2628.93	2059.11
2630.2	2017.28
2631.46	2067.46
2632.72	2047.63
2633.98	2007.81
2635.24	2079.98
2636.5	2094.16
2637.76	2016.33
2639.02	2064.51
2640.28	2042.69
2641.54	2110.86
2642.79	1969.04
2644.05	2027.21
2645.31	2041.39
2646.57	2061.57
2647.82	2133.74
2649.08	2071.92
2650.34	2088.09
2651.59	2136.27
2652.85	2080.44
2654.1	2070.62
2655.36	2042.79
2656.61	2120.97
2657.87	2035.15
2659.12	2017.32
2660.37	2141.5
2661.63	2015.67
2662.88	1983.85
2664.13	2118.02
2665.38	2090.2
2666.64	2012.38
2667.89	2050.55
2669.14	2032.73
2670.39	2098.9
2671.64	2059.08
2672.89	2121.25
2674.14	2007.43
2675.39	2077.61
2676.64	2111.78
2677.89	2061.96
2679.13	2076.13
2680.38	2124.31
2681.63	2106.48
2682.88	2114.66
2684.12	2086.84
2685.37	2135.01
2686.62	2039.19
2687.86	2029.36
2689.11	2125.54
2690.35	2103.71
2691.6	2177.89
2692.84	2114.07
2694.09	2150.24
2695.33	2148.42
2696.57	2078.59
2697.82	2086.77
2699.06	2228.94
2700.3	2099.12
2701.54	2101.3
2702.79	2129.47
2704.03	2103.65
2705.27	2191.82
2706.51	2144
2707.75	2186.17
2708.99	2268.35
2710.23	2138.52
2711.47	2306.7
2712.71	2248.88
2713.95	2181.05
2715.18	2227.23
2716.42	2251.4
2717.66	2153.58
2718.9	2171.75
2720.13	2241.93
2721.37	2188.11
2722.61	2166.28
2723.84	2214.46
2725.08	2288.63
2726.31	2296.81
2727.55	2242.98
2728.78	2169.16
2730.02	2263.34
2731.25	2305.51
2732.49	2251.69
2733.72	2225.86
2734.95	2244.04
2736.18	2228.21
2737.42	2184.39
2738.65	2264.57
2739.88	2174.74
2741.11	2190.92
2742.34	2265.09
2743.57	2313.27
2744.8	2243.44
2746.03	2185.62
2747.26	2179.79
2748.49	2225.97
2749.72	2266.15
2750.95	2178.32
2752.18	2250.5
2753.4	2160.67
2754.63	2226.85
2755.86	2131.02
2757.08	2197.2
2758.31	2163.38
2759.54	2215.55
2760.76	2239.73
2761.99	2299.9
2763.21	2098.08
2764.44	2180.25
2765.66	2106.43
2766.89	2152.61
2768.11	2272.78
2769.33	2044.96
2770.56	2171.13
2771.78	2165.31
2773	2179.48
2774.22	2217.66
2775.44	2243.84
2776.67	2212.01
2777.89	2136.19
2779.11	2132.36
2780.33	2126.54
2781.55	2300.71
2782.77	2160.89
2783.99	2143.06
2785.2	2187.24
2786.42	2247.42
2787.64	2259.59
2788.86	2207.77
2790.08	2155.94
2791.29	2248.12
2792.51	2216.29
2793.73	2268.47
2794.94	2338.65
2796.16	2224.82
2797.37	2233
2798.59	2233.17
2799.8	2235.35
2801.02	2211.52
2802.23	2191.7
2803.45	2225.88
2804.66	2260.05
2805.87	2292.23
2807.09	2192.4
2808.3	2326.58
2809.51	2246.75
2810.72	2344.93
2811.93	2257.11
2813.14	2243.28
2814.35	2209.46
2815.56	2365.63
2816.77	2381.81
2817.98	2301.98
2819.19	2432.16
2820.4	2322.34
2821.61	2362.51
2822.82	2432.69
2824.03	2394.86
2825.24	2395.04
2826.44	2403.21
2827.65	2429.39
2828.86	2347.57
2830.06	2461.74
2831.27	2381.92
2832.48	2434.09
2833.68	2550.27
2834.89	2528.44
2836.09	2604.62
2837.29	2514.79
2838.5	2670.97
2839.7	2691.15
2840.91	2859.32
2842.11	2885.5
2843.31	2897.67
2844.51	2975.85
2845.71	2974.03
2846.92	3062.2
2848.12	3036.38
2849.32	3050.55
2850.52	3034.73
2851.72	2986.9
2852.92	3097.08
2854.12	3129.25
2855.32	3107.43
2856.52	3135.61
2857.72	2977.78
2858.91	3119.96
2860.11	3142.13
2861.31	3222.31
2862.51	3106.48
2863.7	3144.66
2864.9	3356.84
2866.1	3325.01
2867.29	3339.19
2868.49	3433.36
2869.68	3443.54
2870.88	3409.71
2872.07	3365.89
2873.26	3600.07
2874.46	3348.24
2875.65	3446.42
2876.85	3464.59
2878.04	3440.77
2879.23	3462.94
2880.42	3527.12
2881.61	3469.29
2882.81	3457.47
2884	3387.65
2885.19	3515.82
2886.38	3404
2887.57	3508.17
2888.76	3500.35
2889.95	3434.53
2891.14	3454.7
2892.33	3608.88
2893.51	3443.14
2894.7	3460.43
2895.89	3430.53
2897.08	3492.13
2898.26	3573.83
2899.45	3594.26
2900.64	3451.91
2901.82	3476.06
2903.01	3458.74
2904.19	3495.75
2905.38	3620.54
2906.56	3514.25
2907.75	3642.69
2908.93	3565.99
2910.12	3583.57
2911.3	3677.23
2912.48	3642.95
2913.66	3603.95
2914.85	3626.85
2916.03	3726.15
2917.21	3757.02
2918.39	3791.53
2919.57	3866.34
2920.75	3911.94
2921.93	3933.59
2923.11	3962.78
2924.29	3973.54
2925.47	4067.46
2926.65	4107.34
2927.83	4059.75
2929.01	4078.89
2930.19	4125.68
2931.36	4144.46
2932.54	4149.26
2933.72	4140.04
2934.9	4157.67
2936.07	4051.19
2937.25	4095.82
2938.42	4077.15
2939.6	4054.67
2940.77	3998.3
2941.95	3939.85
2943.12	3813.64
2944.3	3851.23
2945.47	3748.42
2946.64	3684.27
2947.82	3684.04
2948.99	3700.11
2950.16	3634.28
2951.33	3644.84
2952.5	3583.83
2953.68	3553.01
2954.85	3518.98
2956.02	3476.64
2957.19	3398.38
2958.36	3442.05
2959.53	3446.11
2960.7	3415.25
2961.87	3405.6
2963.03	3387.54
2964.2	3374.75
2965.37	3370.81
2966.54	3332.39
2967.71	3278.83
2968.87	3287.6
2970.04	3211.43
2971.21	3242.33
2972.37	3180.19
2973.54	3156.14
2974.7	3118.76
2975.87	3093.01
2977.03	3027
2978.2	3041.18
2979.36	3076.03
2980.52	3039.63
2981.69	2998.92
2982.85	2994.73
2984.01	2977.19
2985.17	2932.37
2986.34	2913.75
2987.5	2885.76
2988.66	2877.91
2989.82	2827.03
2990.98	2841.33
2992.14	2791.67
2993.3	2778.31
2994.46	2773.18
2995.62	2725.51
2996.78	2747.85
2997.94	2650.77
2999.1	2585.82
3000.25	2565.76
3001.41	2595.73
3002.57	2628.87
3003.72	2617
3004.88	2573.53
3006.04	2485.28
3007.19	2460.49
3008.35	2485.15
3009.5	2539.67
3010.66	2542.25
3011.81	2451.18
3012.97	2413.68
3014.12	2404.56
3015.28	2405.82
3016.43	2392.39
3017.58	2449.46
3018.64	2458.39
3019.85	2368.42
3021.06	2316.45
3022.27	2362.48
3023.48	2328.51
3024.69	2354.54
3025.9	2316.57
3027.11	2352.59
3028.31	2306.62
3029.52	2262.65
3030.73	2258.68
3031.93	2294.71
3033.14	2246.74
3034.35	2320.77
3035.55	2250.8
3036.76	2250.83
3037.96	2292.86
3039.17	2276.89
3040.37	2308.92
3041.58	2226.95
3042.78	2122.97
3043.98	2267
3045.19	2247.03
3046.39	2189.06
3047.59	2285.09
3048.8	2207.12
3050	2143.15
3051.2	2239.18
3052.4	2261.21
3053.6	2291.24
3054.81	2235.27
3056.01	2267.3
3057.21	2125.33
3058.41	2239.35
3059.61	2227.38
3060.81	2107.41
3062.01	2099.44
3063.21	2175.47
3064.4	2391.5
3065.6	2031.53
3066.8	2173.56
3068	2111.59
3069.2	2233.62
3070.39	2015.65
3071.59	2043.68
3072.79	2159.7
3073.98	1965.73
3075.18	1947.76
3076.38	1919.79
3077.57	1943.82
3078.77	1999.85
3079.96	1923.88
3081.16	1827.91
3082.35	1983.94
3083.55	1923.97
3084.74	1812
3085.93	1892.03
3087.13	1894.06
3088.32	1886.08
3089.51	1864.11
3090.7	1936.14
3091.9	1704.17
3093.09	1812.2
3094.28	1796.23
3095.47	1750.26
3096.66	1654.29
3097.85	1820.32
3099.04	1762.35
3100.23	1690.38
3101.42	1686.41
3102.61	1636.44
3103.8	1592.46
3104.99	1602.49
3106.18	1630.52
3107.37	1670.55
3108.56	1722.58
3109.74	1666.61
3110.93	1702.64
3112.12	1636.67
3113.31	1708.7
3114.49	1612.73
3115.68	1602.76
3116.86	1504.79
3118.05	1534.81
3119.23	1478.84
3120.42	1536.87
3121.61	1532.9
3122.79	1494.93
3123.97	1390.96
3125.16	1440.99
3126.34	1473.02
3127.52	1375.05
3128.71	1361.08
3129.89	1395.11
3131.07	1341.14
3132.26	1489.17
3133.44	1349.19
3134.62	1273.22
3135.8	1193.25
3136.98	1327.28
3138.16	1343.31
3139.34	1131.34
3140.52	1285.37
3141.7	1261.4
3142.88	1291.43
3144.06	1283.46
3145.24	1285.49
3146.42	1147.52
3147.6	1253.54
3148.78	1013.57
3149.95	989.603
3151.13	1107.63
3152.31	969.662
3153.48	1115.69
3154.66	1129.72
3155.84	1001.75
3157.01	971.779
3158.19	947.808
3159.37	979.837
3160.54	1041.87
3161.72	969.896
3162.89	893.924
3164.06	1007.95
3165.24	957.983
3166.41	964.012
3167.59	784.042
3168.76	874.07
3169.93	990.1
3171.11	952.129
3172.28	824.159
3173.45	814.187
3174.62	878.217
3175.79	798.246
3176.96	766.275
3178.13	782.304
3179.3	738.333
3180.47	700.362
3181.64	828.392
3182.81	774.421
3183.98	716.45
3185.15	582.479
3186.32	704.509
3187.49	646.538
3188.66	740.567
3189.83	716.597
3190.99	624.626
3192.16	702.654
3193.33	576.684
3194.5	588.713
3195.66	574.742
3196.83	782.771
3197.99	602.801
3199.16	592.83
3200.32	598.859
3201.49	614.889
3202.65	390.918
3203.82	530.947
3204.98	468.977
3206.15	461.005
3207.31	499.034
3208.48	483.063
3209.64	347.093
3210.8	341.122
3211.96	493.151
3213.13	469.181
3214.29	491.21
3215.45	615.239
3216.61	399.269
3217.77	377.298
3218.93	565.326
3220.09	535.355
3221.25	557.385
3222.41	443.414
3223.57	363.443
3224.73	373.473
3225.89	525.502
3227.05	423.531
3228.21	429.561
3229.36	567.59
3230.52	471.619
3231.68	455.647
3232.84	351.677
3233.99	465.706
3235.15	341.735
3236.31	377.765
3237.46	385.794
3238.62	399.823
3239.78	469.853
3240.93	569.882
3242.08	345.911
3243.24	423.94
3244.39	355.969
3245.55	461.998
3246.7	476.027
3247.86	462.057
3249.01	268.086
3250.16	544.115
3251.31	484.145
3252.47	338.174
3253.62	448.203
3254.77	438.231
3255.92	448.262
3257.07	306.29
3258.22	402.319
3259.37	324.349
3260.52	460.378
3261.67	506.407
3262.82	318.437
3263.97	398.466
3265.12	524.495
3266.27	496.524
3267.42	324.553
3268.57	398.583
3269.72	422.611
3270.86	456.642
3272.01	526.67
3273.16	440.699
3274.3	536.729
3275.45	576.758
3276.6	540.787
3277.74	498.816
3278.89	382.846
3280.03	554.874
3281.18	422.904
3282.32	310.933
3283.47	330.963
3284.61	378.991
3285.76	473.021
3286.9	357.05
3288.04	319.079
3289.19	405.108
3290.33	339.138
3291.47	365.167
3292.61	251.195
3293.76	487.226
3294.9	549.254
3296.04	425.284
3297.18	383.313
3298.32	399.342
3299.46	365.371
3300.6	569.4
3301.74	349.43
3302.88	447.459
3304.02	255.488
3305.16	475.517
3306.3	345.547
3307.44	325.575
3308.57	329.605
3309.71	467.634
3310.85	423.663
3311.99	365.692
3313.12	369.722
3314.26	231.751
3315.4	407.78
3316.53	403.81
3317.67	271.838
3318.8	361.868
3319.94	245.896
3321.07	345.927
3322.21	273.955
3323.34	437.985
3324.48	280.014
3325.61	254.043
3326.75	276.072
3327.88	390.102
3329.01	274.131
3330.14	250.159
3331.28	256.189
3332.41	110.218
3333.54	256.248
3334.67	340.276
3335.8	280.307
3336.93	270.335
3338.06	294.364
3339.2	324.394
3340.33	216.423
3341.45	144.452
3342.58	278.48
3343.71	228.511
3344.84	230.539
3345.97	186.569
3347.1	190.598
3348.23	134.628
3349.35	176.656
3350.48	52.6855
3351.61	420.715
3352.74	190.743
3353.86	236.773
3354.99	222.802
3356.12	152.832
3357.24	268.86
3358.37	156.891
3359.49	224.919
3360.62	324.949
3361.74	92.9775
3362.87	107.007
3363.99	123.036
3365.11	177.064
3366.24	145.095
3367.36	101.123
3368.48	37.1533
3369.61	161.182
3370.73	207.212
3371.85	35.2402
3372.97	165.271
3374.09	61.2988
3375.22	-40.6709
3376.34	-66.6426
3377.46	39.3857
3378.58	75.416
3379.7	231.444
3380.82	139.475
3381.94	-40.4971
3383.05	-0.466797
3384.17	37.5615
3385.29	83.5918
3386.41	71.6201
3387.53	71.6504
3388.65	-54.3213
3389.76	31.707
3390.88	-20.2627
3392	-16.2344
3393.11	-60.2041
3394.23	51.8242
3395.35	123.854
3396.46	-152.117
3397.58	-118.087
3398.69	-22.0586
3399.81	-16.0283
