400.424	-37.2031
404.669	185.564
408.909	130.732
413.143	194.301
417.374	356.205
421.6	145.23
425.822	454.051
430.039	181.008
434.253	185.576
438.461	401.383
442.664	506.533
446.866	276.641
451.06	319.123
455.251	158.406
459.437	270.398
463.619	334.1
467.798	100.98
471.97	-6.32617
476.139	408.773
480.303	112.277
484.464	222.09
488.619	290.809
492.771	401.732
496.916	529.967
501.057	589.406
505.196	270.854
509.329	301.262
513.458	92.3047
517.583	95.5938
521.704	288.822
525.82	74.1035
529.931	317.336
534.037	249.82
538.14	363.904
542.238	327.346
546.332	261.061
550.422	361.154
554.506	360.24
558.587	463.904
562.663	234.477
566.734	347.557
570.802	382.045
574.863	368.91
578.922	148.775
582.978	304.234
587.027	357.045
591.073	316.551
595.112	453.01
599.148	312.264
603.18	363.545
607.209	277.186
611.231	300.762
615.25	165.865
619.265	254.578
623.274	87.1475
627.279	369.726
631.281	181.717
635.278	172.441
639.27	314.904
643.258	434.238
647.243	255.377
651.222	334.525
655.195	377.493
659.166	338.211
663.131	478.871
667.093	388.004
671.051	338.545
675.001	363.007
678.949	334.305
682.894	383.205
686.835	246.012
690.769	150.16
694.7	92.9814
698.626	39.9453
702.548	47.8887
706.465	69.9443
710.378	121.9
714.287	186.463
718.192	170.547
722.09	133.057
725.986	207.634
729.879	106.846
733.766	118.004
737.647	92.3926
741.526	66.4268
745.4	97.2637
749.268	163.237
753.133	127.566
756.994	234.275
760.851	126.55
764.701	183.149
768.547	206.553
772.389	153.989
776.23	168.691
780.063	246.68
783.893	263.24
787.719	1502.77
791.541	878.687
795.356	246.641
799.168	155.424
802.977	196.216
806.781	270.661
810.58	172.028
814.375	181.167
818.162	163.747
821.95	366.178
825.732	308.239
829.509	222.703
833.282	70.7754
837.05	68.7695
840.814	76.2227
844.575	48.9326
848.33	141.926
852.079	80.749
855.825	-4.4502
859.568	13.7646
863.307	3.12695
867.04	27.2969
870.769	118.05
874.493	256.744
878.214	238.225
881.93	291.558
885.642	404.996
889.35	331.172
893.053	331.054
896.751	223.477
900.445	257.165
904.134	391.021
907.821	334.786
911.503	194.858
912.036	161.804
915.893	434.769
919.749	263.717
923.602	354.799
927.45	255.229
931.291	321.064
935.131	421.925
938.965	182.792
942.797	403.85
946.624	38.5576
950.447	82.583
954.267	108.713
958.081	-82.0723
961.891	162.99
965.697	8.2002
969.498	-33.3779
973.298	-93.4902
977.092	256.453
980.881	454.258
984.668	274.841
988.45	390.597
992.226	439.528
996.001	442.843
999.772	537.082
1003.54	227.19
1007.3	100.948
1011.06	296.006
1014.81	70.042
1018.56	129.203
1022.31	99.084
1026.05	212.027
1029.78	239.905
1033.52	436.381
1037.24	241.135
1040.97	240.824
1044.69	95.2832
1048.41	253.08
1052.12	365.547
1055.83	448.214
1059.53	1103.58
1063.23	936.542
1066.93	356.897
1070.62	125.195
1074.31	328.357
1077.99	256.988
1081.67	371.018
1085.35	314.209
1089.02	369.857
1092.69	398.607
1096.35	365.59
1100.01	568.045
1103.67	426.396
1107.32	391.326
1110.97	157.963
1114.61	155.381
1118.25	186.936
1121.88	323.214
1125.52	737.396
1129.14	1628.57
1132.76	1740.36
1136.38	914.057
1140	392.724
1143.61	268.406
1147.22	295.883
1150.82	540.643
1154.42	480.568
1158.01	355.638
1161.6	404.269
1165.19	557.169
1168.77	781.161
1172.35	760.173
1175.92	284.135
1179.49	196.104
1183.06	287.961
1186.62	214.889
1190.18	161.519
1193.73	193.899
1197.28	228.263
1200.83	178.034
1204.37	275.351
1207.91	259.448
1211.44	132.976
1214.97	109.079
1218.49	172.682
1222.01	111.794
1225.53	59.6553
1229.04	70.875
1232.55	57.4824
1236.06	109.63
1239.56	78.5518
1243.06	133.654
1246.55	253.359
1250.04	205.605
1253.52	235.386
1257	244.145
1260.48	197.005
1263.95	97.6973
1267.42	323.57
1270.88	326.666
1274.34	255.941
1277.8	343.707
1281.25	287.855
1284.7	429.914
1288.14	668.855
1291.58	1675.03
1295.02	2086.15
1298.45	1308.94
1301.88	650.258
1305.3	526.795
1308.72	577.272
1312.14	524.24
1315.55	454.281
1318.96	412.562
1322.36	471.063
1325.76	465.317
1329.16	408.86
1332.54	330.811
1335.93	315.507
1339.32	328.112
1342.69	295.925
1346.07	144.015
1349.44	102.597
1352.81	90.0986
1356.17	8.74805
1359.53	65.4834
1362.89	41.4893
1364.21	-0.758789
1367.74	110.42
1371.27	-34.2305
1374.8	52.248
1378.32	-1.5127
1381.83	-14.7773
1385.34	188.008
1388.85	109.912
1392.36	169.178
1395.86	156.981
1399.35	166.894
1402.85	129.927
1406.34	387.848
1409.82	248.656
1413.3	734.407
1416.78	1143.3
1420.26	891.245
1423.73	734.853
1427.19	706.548
1430.66	1215.64
1434.12	2053.74
1437.57	3720.26
1441.02	3715.37
1444.47	2229.39
1447.91	1753.54
1451.36	1656.04
1454.79	1759.07
1458.23	2037.36
1461.65	2085.57
1465.08	1831.13
1468.5	1157.19
1471.92	800.92
1475.33	412.676
1478.74	468.642
1482.15	304.457
1485.55	278.66
1488.95	235.334
1492.34	151.526
1495.73	128.957
1499.12	119.639
1502.5	-55.3701
1505.88	48.7129
1509.26	-15.7344
1512.63	-8.11426
1516	-61.7441
1519.36	-9.24609
1522.72	-5.6875
1526.08	-71.4297
1529.43	-12.4346
1532.78	-226.959
1536.13	-121.342
1539.47	-154.982
1542.81	-181.313
1546.14	-86.8135
1549.47	7.10547
1552.79	-80.5146
1556.12	-84.9854
1559.44	-116.385
1562.75	-104.789
1566.06	-210.974
1569.37	-133.87
1572.68	-136.863
1575.97	-121.826
1579.27	-128.739
1582.56	-124.021
1585.85	-184.305
1589.14	-280.956
1592.42	-228.237
1595.69	-192.033
1598.97	-238.453
1602.24	-265.709
1605.5	-98.21
1608.76	-89.4434
1612.02	-114.534
1615.28	-116.664
1618.53	-281.644
1621.77	-207.374
1625.02	-231.244
1628.26	-176.674
1631.49	-51.7842
1634.72	-66.7334
1637.95	-78.5645
1641.17	-150.787
1644.4	-270.448
1647.61	-138.45
1650.82	-130.241
1654.03	-84.3447
1657.24	-39.5273
1660.44	-67.9883
1663.63	-160.284
1666.83	-5.80371
1670.02	-125.549
1673.2	-187.372
1676.39	-48.5371
1679.56	-40.084
1682.74	-118.104
1685.91	-128.106
1689.08	-175.8
1692.24	-198.018
1695.4	-264.566
1698.56	-221.134
1701.71	-207.367
1704.86	-164.34
1708	-175.907
1711.14	-188.767
1714.28	-161.956
1717.41	-261.953
1720.54	-212.181
1723.67	-190.468
1726.79	-94.0322
1729.91	-74.0371
1733.02	-19.5078
1736.13	-54.1396
1739.24	-29.3018
1742.34	-111.895
1745.44	-42.4189
1748.53	-142.616
1751.62	-117.782
1754.71	-46.6377
1757.8	-58.8447
1760.88	-72.7646
1763.95	-70.6152
1767.03	-61.0547
1770.1	-43.6758
1773.16	-112.279
1776.22	-143.713
1778.67	-184.452
1781.9	-181.257
1785.13	-255.934
1788.36	-8.24902
1791.59	-223.054
1794.81	-50.6777
1798.03	-47.8232
1801.24	-232.362
1804.45	-215.796
1807.66	-282.382
1810.87	-228.726
1814.06	-193.21
1817.26	-249.96
1820.46	-272.949
1823.65	-223.503
1826.83	-329.602
1830.01	-250.27
1833.19	-249.349
1836.37	-268.197
1839.54	-134.443
1842.71	-122.107
1845.87	-207.626
1849.03	-212.035
1852.19	-107.882
1855.35	-131.46
1858.5	-136.522
1861.64	-97.167
1864.79	-173.789
1867.93	-152.574
1871.06	-57.2617
1874.2	-175.687
1877.33	-130.415
1880.45	-36.79
1883.58	-61.1201
1886.69	-142.428
1889.81	-194.882
1892.92	-49.8896
1896.03	-166.928
1899.13	-222.039
1902.23	-160.302
1905.33	-87.0547
1908.42	-133.869
1911.51	-67.752
1914.6	-195.525
1917.69	-148.079
1920.76	-227.804
1923.84	-304.979
1926.91	-61.0439
1929.98	-84.4414
1933.05	-61.1064
1936.11	-277.071
1939.17	-158.428
1942.22	-147.926
1945.27	-208.605
1948.32	-180.093
1951.36	-134.416
1954.41	-149.665
1957.44	-65.6914
1960.48	-104.999
1963.51	-131.043
1966.53	-122.471
1969.56	-131.646
1972.57	-43.5781
1975.59	-60.916
1978.6	-54.9502
1981.61	-111.404
1984.62	-85.4971
1987.62	-65.0469
1990.62	-61.5068
1993.61	-11.1914
1996.6	-10.0645
1999.59	-13.0195
2002.57	-21.2578
2005.55	-20.6768
2008.53	-74.8047
2011.5	-79.9688
2014.47	-158.011
2017.44	-196.158
2020.4	34.2813
2023.36	-144.671
2026.32	-192.434
2029.27	-208.621
2032.22	-186.761
2035.16	-191.145
2038.1	-144.051
2041.04	-116.644
2043.97	-114.998
2046.9	-195.49
2049.83	-279.314
2052.76	-274.317
2055.68	-261.484
2058.59	-292.981
2061.5	-242.801
2064.41	-252.41
2067.32	-116.031
2070.22	-223.465
2073.12	-206.168
2076.01	-96.6943
2078.91	-226.467
2081.79	-157.778
2084.68	-159.645
2087.56	-178.687
2090.44	-189.596
2093.31	-102.86
2096.18	-120.67
2099.05	-163.751
2101.91	-94.8652
2104.77	-114.651
2107.63	-153.646
2110.48	-170.056
2113.33	-199.437
2116.17	-84.4697
2119.02	-173.825
2121.85	-70.5869
2124.69	-101.991
2127.52	-96.0928
2130.35	-24.0547
2133.17	-99.083
2135.99	-111.203
2138.81	-190.702
2141.62	-227.659
2144.43	-225.405
2147.24	-233.568
2150.04	-192.906
2152.84	-149.204
2155.64	-156.034
2157.47	-172.084
2160.44	-217.713
2163.4	-106.734
2166.37	-220.198
2169.32	-292.58
2172.28	-283.482
2175.24	-289.845
2178.18	-113.795
2181.13	-129.708
2184.07	-180.525
2187.01	-85.7363
2189.95	-138.936
2192.88	-159.388
2195.81	-218.479
2198.74	-83.3477
2201.66	-241.215
2204.58	-225.722
2207.5	-284.787
2210.41	-224.06
2213.32	-272.074
2216.23	-212.017
2219.13	-301.986
2222.03	-112.797
2224.93	-182.285
2227.82	-212.153
2230.71	-227.57
2233.6	-166.487
2236.48	-152.05
2239.36	-215.975
2242.24	-186.628
2245.11	-121.218
2247.98	-114.897
2250.84	-200.588
2253.71	-82.708
2256.57	-133.567
2259.42	-117.157
2262.28	-84.3379
2265.13	-109.407
2267.98	11.8486
2270.82	-73.3008
2273.66	-164.301
2276.49	-158.197
2279.33	-221.076
2282.16	-215.232
2284.98	-221.015
2287.8	-151.797
2290.63	-99.084
2293.44	-43.0635
2296.26	-129.977
2299.07	-256.985
2301.87	-139.79
2304.68	-240.25
2307.48	-293.034
2310.27	-297.749
2313.06	-245.543
2315.85	-176.908
2318.64	-255.494
2321.42	-261.983
2324.2	-246.982
2326.98	-325.041
2329.75	-186.285
2332.52	-213.818
2335.29	-95.0127
2338.05	-236.32
2340.81	-135.231
2343.57	-119.047
2346.32	-101.869
2349.07	-178.553
2351.82	-234.236
2354.56	-180.438
2357.3	-232.415
2360.04	-119.357
2362.77	-143.9
2365.5	-160.261
2368.23	-159.823
2370.95	-184.853
2373.67	-22.4043
2376.38	-135.442
2379.1	-110.265
2381.81	-118.382
2384.51	-194.959
2387.22	-122.467
2389.92	-173.675
2392.61	-105.111
2395.3	-185.347
2397.99	-169.732
2400.68	-165.136
2403.36	-202.19
2406.04	-173.254
2408.72	-163.051
2411.39	-199.983
2414.06	-188.231
2416.73	-132.205
2419.39	-127.13
2422.05	-53.3643
2424.71	-76.7334
2427.36	-105.613
2430.01	-90.293
2432.65	1.36914
2435.3	36.79
2437.94	-93.3398
2440.57	-98.0576
2443.21	-72.9453
2445.84	-161.313
2448.46	-75.3223
2451.08	-7.37988
2453.7	-23.0566
2456.32	5.06445
2458.93	-105.812
2461.54	-152.399
2464.15	-84.8164
2466.75	-106.464
2469.35	-147.07
2471.95	-155.626
2474.54	-124.643
2477.13	-88.4287
2479.71	-116.415
2482.3	-155.306
2484.87	-178.13
2487.45	-226.973
2490.02	-160.047
2492.59	-59.9912
2495.16	-122.246
2497.72	-93.7207
2500.28	-117.666
2502.84	-207.563
2505.47	-138.416
2508.2	-68.4111
2510.92	-160.769
2513.65	-180.704
2516.37	-179.299
2519.08	-107.838
2521.79	-192.247
2524.5	-102.636
2527.21	-227.855
2529.91	-180.977
2532.61	-129.275
2535.31	-205.735
2538	-82.1162
2540.7	-107.482
2543.38	-197.331
2546.07	-234.512
2548.75	-204.031
2551.43	-112.84
2554.1	-172.316
2556.78	-134.026
2559.44	-133.31
2562.11	-68.8047
2564.77	-86.2686
2567.43	-109.273
2570.09	-100.566
2572.74	-168.978
2575.39	-227.435
2578.04	-78.0986
2580.68	-131.051
2583.32	-163.415
2585.96	19.3818
2588.59	-50.3232
2591.22	-63.5059
2593.85	-154.601
2596.48	-154.622
2599.1	-154.285
2601.72	-167.45
2604.33	-65.6484
2606.94	-120.599
2609.55	-48.3984
2612.16	-166.618
2614.76	-92.8721
2617.36	-78.2266
2619.96	-163.23
2622.55	-195.092
2625.14	-149.042
2627.73	-244.691
2630.31	-190.667
2632.89	-233.273
2635.47	-288.804
2638.05	-145.555
2640.62	-179.122
2643.19	-112.23
2645.75	-186.474
2648.31	-199.318
2650.87	-176.161
2653.43	-152.507
2655.98	-152.207
2658.53	-198.587
2661.07	-107.074
2663.62	-160.203
2666.16	-124.898
2668.69	-108.136
2671.23	-134.75
2673.76	26.0537
2676.28	-193.987
2678.81	-57.0244
2681.33	58.2549
2683.85	-21.3057
2686.36	51.3105
2688.87	196.07
2691.38	243.409
2693.89	219.749
2696.39	314.017
2698.89	387.043
2701.38	484.116
2703.87	487.491
2706.36	613.994
2708.85	742.469
2711.33	892.329
2713.81	1081.3
2716.29	1275.4
2718.76	1444.83
2721.23	1474.98
2723.7	1417.48
2726.16	1368.31
2728.62	1159.71
2731.08	920.238
2733.54	770.148
2735.99	616.201
2738.43	512.94
2740.88	387.743
2743.32	351.171
2745.76	305.998
2748.2	271.076
2750.63	252.548
2753.06	249.909
2755.48	206.713
2757.91	126.613
2760.33	22.8232
2762.74	143.464
2765.16	96.2344
2767.57	51.7246
2769.97	40.7031
2772.38	27.8438
2774.78	45.4834
2777.18	34.874
2779.57	-30.9863
2781.96	-80.6563
2784.35	-61.2168
2786.73	-8.61621
2789.11	-32.5215
2791.49	124.356
2793.87	71.1445
2796.24	136.215
2798.61	119.604
2800.98	235.364
2803.34	156.126
2805.7	183.298
2808.06	353.06
2810.41	404.363
2812.76	416.017
2815.11	627.23
2817.45	739.946
2819.79	639.802
2822.13	974.037
2824.32	1251.04
2826.83	1425.91
2829.33	2035.63
2831.84	2768.11
2834.34	4343.17
2836.84	6447.44
2839.33	9075.23
2841.82	12241.1
2844.31	14857
2846.8	15851.4
2849.28	15182
2851.76	13975.1
2854.24	12517.1
2856.71	11287.4
2859.18	10514.7
2861.65	9900.8
2864.12	9587.15
2866.58	9556.84
2869.04	9570.29
2871.49	10285.2
2873.95	11090.3
2876.4	13365
2878.85	18184.2
2881.29	22406.8
2883.73	18337.3
2886.17	12797.1
2888.6	10320
2891.04	9081.79
2893.47	8402.27
2895.89	8133.49
2898.32	7751.41
2900.74	7534.61
2903.16	7257.18
2905.57	6699.28
2907.98	6450.58
2910.39	6007.79
2912.8	5652.13
2915.2	5374.7
2917.6	5411.43
2919.99	5216.54
2922.39	5121.55
2924.78	5250.7
2927.17	5310.39
2929.55	5473.59
2931.93	5460.58
2934.31	5162.97
2936.69	4968.93
2939.06	4617.83
2941.43	4273.77
2943.8	3528.04
2946.16	3075.17
2948.52	2534.62
2950.88	2298.58
2953.23	1973.3
2955.58	2100.89
2957.93	2029.84
2960.28	1927.96
2962.62	1814.22
2964.96	1738.65
2967.3	1667.6
2969.63	1507.5
2971.96	1381.31
2974.29	1298.08
2976.62	1195.04
2978.94	1217.15
2981.26	1145.64
2983.57	1031.57
2985.88	909.052
2988.19	813.652
2990.5	797.144
2992.8	941.967
2995.1	747.549
2997.4	742.332
2999.7	556.735
3001.99	481.69
3004.28	461.404
3006.56	351.081
3008.85	360.507
3011.13	397.973
3013.4	278.33
3015.68	282.247
3017.95	201.177
3020.22	213.655
3022.48	169.375
3024.74	140.905
3027	79.3662
3029.26	111.296
3031.51	79.249
3033.76	61.8809
3036.01	37.5732
3038.25	111.116
3040.49	99.3906
3042.73	66.3389
3044.96	112.423
3047.2	123.59
3049.43	61.334
3051.65	-7.83789
3053.87	1.75488
3056.09	6.37402
3058.31	44.373
3060.52	-4.20996
3062.74	71.5313
3064.94	115.112
3067.15	137.71
3069.35	106.673
3071.55	34.916
3073.74	12.2549
3075.94	-29.7314
3078.13	58.627
3080.31	-16.3477
3082.5	-13.1689
3084.68	19.168
3086.86	-12.127
3089.03	-22.2949
3091.2	4.2168
3093.37	55.9492
3095.54	-69.2188
3097.7	40.29
3099.86	-3.63184
3102.02	66.6611
3104.17	-2.28809
3106.32	19.71
3108.47	26.4014
3110.61	-9.24902
3112.75	61.4121
3114.89	70.584
3116.84	95.9658
3119.15	126.306
3121.46	41.6953
3123.76	68.4746
3126.07	10.5449
3128.37	-0.964844
3130.66	-11.5137
3132.96	103.957
3135.25	-18.4424
3137.54	270.987
3139.83	110.199
3142.11	71.6992
3144.39	16.6318
3146.67	24.6934
3148.95	-45.5957
3149.19	-36.6709
