400.424	230.322
404.669	347.275
408.909	431.863
413.143	489.822
417.374	534.766
421.6	514.346
425.822	404.762
430.039	382.93
434.253	281.307
438.461	330.645
442.664	540.363
446.866	151.9
451.06	254.814
455.251	190.281
459.437	259.059
463.619	146.436
467.798	78.2207
471.97	111.816
476.139	268.844
480.303	367.885
484.464	368.811
488.619	393.813
492.771	388.801
496.916	523.018
501.057	609.082
505.196	336.016
509.329	501.754
513.458	614.967
517.583	438.943
521.704	563.346
525.82	521.246
529.931	387.24
534.037	268.287
538.14	155.9
542.238	197.736
546.332	24.3164
550.422	79.5391
554.506	39.873
558.587	326.76
562.663	285.354
566.734	146.109
570.802	136.924
574.863	220.742
578.922	266.238
582.978	81.9922
587.027	65.0664
591.073	104.67
595.112	187.324
599.148	45.5547
603.18	-37.6445
607.209	325.039
611.231	13.9707
615.25	181.682
619.265	413.656
623.274	179.396
627.279	153.504
631.281	172.791
635.278	176.092
639.27	93.4043
643.258	113.898
647.243	146.785
651.222	24.3496
655.195	53.7891
659.166	81.4219
663.131	315.131
667.093	210.33
671.051	177.313
675.001	341.268
678.949	98.084
682.894	136.402
686.835	45.4141
690.769	-55.1836
694.7	19.3125
698.626	-116.303
702.548	-18.7207
706.465	25.625
710.378	54.7617
714.287	302.822
718.192	164.557
722.09	330.381
725.986	404.959
729.879	341.043
733.766	686.186
737.647	731.67
741.526	1202.02
745.4	1645.71
749.268	1254.79
753.133	929.307
756.994	805.5
760.851	559.016
764.701	707.105
768.547	476.514
772.389	272.785
776.23	277.658
780.063	258.035
783.893	194.135
787.719	77.7773
791.541	84.8672
795.356	83.0898
799.168	145.986
802.977	35.9102
806.781	-17.416
810.58	128.904
814.375	-49.4395
818.162	227.096
821.95	320.529
825.732	272.57
829.509	286.027
833.282	64.7656
837.05	192.221
840.814	121.346
844.575	-47.8965
848.33	29.0781
852.079	187.252
855.825	100.77
859.568	-13.4961
863.307	34.7402
867.04	20.9844
870.769	148.16
874.493	385.723
878.214	337.924
881.93	212.109
885.642	341.822
889.35	163.426
893.053	374.217
896.751	428.9
900.445	51.9902
904.134	320.791
907.821	340.252
911.503	202.287
912.036	168.953
915.893	254.395
919.749	253.861
923.602	353.313
927.45	326.779
931.291	423.982
935.131	316.973
938.965	346.994
942.797	329.502
946.624	159.238
950.447	133.516
954.267	90.6504
958.081	196.9
961.891	87.1973
965.697	205.26
969.498	145.432
973.298	92.7949
977.092	20.7402
980.881	207.627
984.668	73.3027
988.45	431.838
992.226	379.846
996.001	624.213
999.772	2110.42
1003.54	1836.23
1007.3	749.449
1011.06	383.932
1014.81	199.844
1018.56	75.3535
1022.31	40.1543
1026.05	342.385
1029.78	668.979
1033.52	353.4
1037.24	351.469
1040.97	172.813
1044.69	-21.8184
1048.41	250.152
1052.12	56.8828
1055.83	196.344
1059.53	384.643
1063.23	398.74
1066.93	307.338
1070.62	449.676
1074.31	344.51
1077.99	508.484
1081.67	509.264
1085.35	607.635
1089.02	762.854
1092.69	700.867
1096.35	776.92
1100.01	957.949
1103.67	1112.28
1107.32	874.66
1110.97	671.738
1114.61	801.771
1118.25	1097.21
1121.88	1248.39
1125.52	1507.32
1129.14	1418.96
1132.76	998.422
1136.38	418.738
1140	237.459
1143.61	370.803
1147.22	233.068
1150.82	197.076
1154.42	346.459
1158.01	451.184
1161.6	370.182
1165.19	473.811
1168.77	542.707
1172.35	423.551
1175.92	447.525
1179.49	92.7012
1183.06	157.918
1186.62	49.4453
1190.18	10.9941
1193.73	118.002
1197.28	219.082
1200.83	378.25
1204.37	582.416
1207.91	490.688
1211.44	322.703
1214.97	257.449
1218.49	231.473
1222.01	303.906
1225.53	479.646
1229.04	500.348
1232.55	478.488
1236.06	356.17
1239.56	403.037
1243.06	392.035
1246.55	215.922
1250.04	297.709
1253.52	312.434
1257	309.08
1260.48	190.373
1263.95	357.244
1267.42	330.588
1270.88	215.346
1274.34	514.984
1277.8	534.891
1281.25	446.676
1284.7	491.789
1288.14	537.461
1291.58	697.482
1295.02	928.783
1298.45	961.908
1301.88	995.605
1305.3	1094
1308.72	1218.34
1312.14	1237.99
1315.55	1121.83
1318.96	999.713
1322.36	970.318
1325.76	963.025
1329.16	837.186
1332.54	800.068
1335.93	1098.67
1339.32	1025.18
1342.69	885.516
1346.07	723.598
1349.44	734.324
1352.81	599.584
1356.17	646.66
1359.53	632.223
1362.89	471.643
1364.21	382.635
1367.74	430.051
1371.27	261.68
1374.8	44.5957
1378.32	31.416
1381.83	230.477
1385.34	278.285
1388.85	668.357
1392.36	696.146
1395.86	802.576
1399.35	713.805
1402.85	768.441
1406.34	809.162
1409.82	495.865
1413.3	637.451
1416.78	607.365
1420.26	723.813
1423.73	528.076
1427.19	617.041
1430.66	904.031
1434.12	1112.74
1437.57	1372.69
1441.02	1619.71
1444.47	1666.82
1447.91	1529.22
1451.36	1493.11
1454.79	1336.09
1458.23	1274.54
1461.65	1164.92
1465.08	1035.61
1468.5	846.832
1471.92	464.256
1475.33	387.621
1478.74	282.229
1482.15	116.588
1485.55	51.1094
1488.95	125.439
1492.34	206.729
1495.73	259.549
1499.12	309.617
1502.5	350.666
1505.88	424.535
1509.26	535.455
1512.63	415.104
1516	437.832
1519.36	631.607
1522.72	934.404
1526.08	1013.21
1529.43	942.602
1532.78	1156.34
1536.13	1192.45
1539.47	1289.09
1542.81	1489.35
1546.14	1642.96
1549.47	1612.87
1552.79	1553.4
1556.12	1563.42
1559.44	1533.63
1562.75	1519.52
1566.06	1343.59
1569.37	1289.01
1572.68	1357.07
1575.97	1344.74
1579.27	1467.59
1582.56	1647.62
1585.85	1782.1
1589.14	1483.86
1592.42	1394.92
1595.69	1304.36
1598.97	1456.27
1602.24	1737
1605.5	1791.66
1608.76	1682.09
1612.02	1532.64
1615.28	1406.13
1618.53	1601.98
1621.77	1529.86
1625.02	1499.81
1628.26	1546.12
1631.49	1592
1634.72	1739.83
1637.95	1894.18
1641.17	1823.34
1644.4	1844.6
1647.61	1846.13
1650.82	1867.84
1654.03	1879.38
1657.24	1986.45
1660.44	1757.42
1663.63	1630.53
1666.83	1364.04
1670.02	1374.4
1673.2	1193.36
1676.39	1001.11
1679.56	986.484
1682.74	984.247
1685.91	796.69
1689.08	665.008
1692.24	469.087
1695.4	394.873
1698.56	241.932
1701.71	-56.3125
1704.86	-152.147
1708	-96.2754
1711.14	-119.089
1714.28	-236.772
1717.41	-137.636
1720.54	-35.7988
1723.67	-9.95117
1726.79	-76.125
1729.91	14.3916
1733.02	-114.843
1736.13	-161.777
1739.24	-143.43
1742.34	-5.67383
1745.44	-27.5166
1748.53	-136.6
1751.62	-76.6885
1754.71	-22.9629
1757.8	-45.0186
1760.88	-84.2031
1763.95	-43.8779
1767.03	-30.5137
1770.1	-74.2979
1773.16	-89.8418
1776.22	-166.227
1778.67	-92.2822
1781.9	-237.688
1785.13	-62.2256
1788.36	-169.012
1791.59	-248.518
1794.81	-338.187
1798.03	-158.367
1801.24	-218.872
1804.45	-264.048
1807.66	-274.982
1810.87	-222.503
1814.06	-242.914
1817.26	-345.931
1820.46	-492.859
1823.65	-223.22
1826.83	-440.103
1830.01	-327.032
1833.19	-391.396
1836.37	-242.581
1839.54	-243.042
1842.71	-202.303
1845.87	-109.816
1849.03	-13.1777
1852.19	-182.641
1855.35	-226.753
1858.5	-205.078
1861.64	-285.704
1864.79	-94.9297
1867.93	-70.5059
1871.06	-87.1924
1874.2	-46.9873
1877.33	92.4072
1880.45	-141.837
1883.58	-54.3428
1886.69	-208.015
1889.81	-74.333
1892.92	-153.083
1896.03	-204.331
1899.13	-210.98
1902.23	-182.328
1905.33	-287.208
1908.42	-360.056
1911.51	-327.764
1914.6	-229.97
1917.69	-335.184
1920.76	-313.916
1923.84	-290.24
1926.91	-336.852
1929.98	-227.274
1933.05	-300.488
1936.11	-394.127
1939.17	-358.045
1942.22	-367.543
1945.27	-326.55
1948.32	-314.386
1951.36	-320.416
1954.41	-340.264
1957.44	-489.312
1960.48	-290.143
1963.51	-269.23
1966.53	-251.542
1969.56	-364.389
1972.57	-133.773
1975.59	-127.816
1978.6	42.8984
1981.61	64.3135
1984.62	-147.43
1987.62	-70.6953
1990.62	-27.6709
1993.61	-7.24414
1996.6	-87.4658
1999.59	-109.019
2002.57	-118.419
2005.55	-78.499
2008.53	-158.2
2011.5	-212.95
2014.47	-107.579
2017.44	-281.029
2020.4	-399.299
2023.36	-396.178
2026.32	-396.232
2029.27	-346.18
2032.22	-347.968
2035.16	-361.111
2038.1	-262.207
2041.04	-336.61
2043.97	-414.55
2046.9	-406.021
2049.83	-334.121
2052.76	-324.15
2055.68	-325.855
2058.59	-378.336
2061.5	-474.689
2064.41	-380.274
2067.32	-272.257
2070.22	-249.792
2073.12	-323.146
2076.01	-340.419
2078.91	-338.872
2081.79	-298.666
2084.68	-270.016
2087.56	-355.969
2090.44	-242.215
2093.31	-200.575
2096.18	-161.105
2099.05	-105.666
2101.91	-112.972
2104.77	-154.457
2107.63	-222.684
2110.48	-71.167
2113.33	60.7627
2116.17	-8.64258
2119.02	44.6348
2121.85	-147.949
2124.69	-169.551
2127.52	-87.1943
2130.35	-51.5576
2133.17	-195.854
2135.99	-225.758
2138.81	-278.583
2141.62	-292.048
2144.43	-142.886
2147.24	-170.863
2150.04	-186.756
2152.84	-206.358
2155.64	-335.073
2157.47	-361.313
2160.44	-439.065
2163.4	-364.341
2166.37	-389.272
2169.32	-454.085
2172.28	-312.518
2175.24	-387.043
2178.18	-451.839
2181.13	-381.323
2184.07	-401.168
2187.01	-345.354
2189.95	-507.961
2192.88	-404.802
2195.81	-358.739
2198.74	-283.96
2201.66	-343.033
2204.58	-306.524
2207.5	-157.748
2210.41	-173.479
2213.32	-219.633
2216.23	-296.732
2219.13	-115.523
2222.03	-217.492
2224.93	-127.488
2227.82	-173.256
2230.71	-81.9316
2233.6	-190.28
2236.48	-96.8369
2239.36	-63.2949
2242.24	-111.001
2245.11	-44.0879
2247.98	-163.866
2250.84	15.2412
2253.71	-94.583
2256.57	-81.6758
2259.42	-102.896
2262.28	-7.87988
2265.13	61.6699
2267.98	-123.541
2270.82	-163.849
2273.66	-64.207
2276.49	-37.873
2279.33	-94.3125
2282.16	-206.756
2284.98	-304.829
2287.8	-185.702
2290.63	-226.513
2293.44	-218.979
2296.26	-152.223
2299.07	-254.171
2301.87	-302.859
2304.68	-284.099
2307.48	-201.18
2310.27	-291.962
2313.06	-248.135
2315.85	-348.848
2318.64	-216.344
2321.42	-235.649
2324.2	-119.616
2326.98	-187.663
2329.75	-251.833
2332.52	-201.266
2335.29	-243.987
2338.05	-389.003
2340.81	-258.418
2343.57	-149.773
2346.32	-115.168
2349.07	-207.471
2351.82	-161.836
2354.56	-185.529
2357.3	-197.273
2360.04	-104.422
2362.77	-130.97
2365.5	-22.6191
2368.23	-96.1445
2370.95	-161.388
2373.67	-21.2881
2376.38	-171.585
2379.1	-102.153
2381.81	-342.06
2384.51	-283.518
2387.22	37.1777
2389.92	-49.8799
2392.61	-201.19
2395.3	-258.801
2397.99	-251.452
2400.68	-145.063
2403.36	-175.798
2406.04	-147.119
2408.72	-147.664
2411.39	-83.9775
2414.06	-120.409
2416.73	-234.822
2419.39	-114.275
2422.05	-342.467
2424.71	-215.496
2427.36	-98.7607
2430.01	-208.656
2432.65	-80.123
2435.3	-97.79
2437.94	-104.946
2440.57	-180.485
2443.21	-166.123
2445.84	-107.571
2448.46	-106.129
2451.08	-123.089
2453.7	-39.459
2456.32	-88.707
2458.93	-226.196
2461.54	-282.087
2464.15	-260.368
2466.75	-47.3496
2469.35	-225.988
2471.95	-44.7656
2474.54	-64.1563
2477.13	-246
2479.71	-277.547
2482.3	-124.568
2484.87	-36.9414
2487.45	-71.0566
2490.02	-169.91
2492.59	-292.249
2495.16	-213.762
2497.72	-261.248
2500.28	-93.7842
2502.84	-317.189
2505.47	-331.364
2508.2	-258.445
2510.92	-322.012
2513.65	-397.945
2516.37	-214.417
2519.08	-144.058
2521.79	-269.771
2524.5	-290.981
2527.21	-232.204
2529.91	-264.525
2532.61	-311.164
2535.31	-248.356
2538	-362.038
2540.7	-246.595
2543.38	-225.27
2546.07	-141.77
2548.75	-365.504
2551.43	-378.319
2554.1	-167.619
2556.78	-209.415
2559.44	-155.473
2562.11	-7.96289
2564.77	-139.539
2567.43	-152.388
2570.09	-208.096
2572.74	-222.589
2575.39	-80.9102
2578.04	-244.364
2580.68	-175.903
2583.32	-176.189
2585.96	-154.799
2588.59	-227.922
2591.22	-92.2861
2593.85	-79.3506
2596.48	-115.994
2599.1	-100.763
2601.72	-206.071
2604.33	-105.097
2606.94	12.9297
2609.55	-154.654
2612.16	-49.9199
2614.76	-179.479
2617.36	-111.951
2619.96	-106.181
2622.55	-100.22
2625.14	-179.313
2627.73	-191.377
2630.31	-319.61
2632.89	-171.849
2635.47	-225.823
2638.05	-158.509
2640.62	-235.687
2643.19	-330.964
2645.75	-164.704
2648.31	-171.335
2650.87	-145.139
2653.43	-220.943
2655.98	-271.384
2658.53	-224.386
2661.07	-122.067
2663.62	-41.3789
2666.16	-250.713
2668.69	-53.0039
2671.23	-136.984
2673.76	-101.915
2676.28	-4.30566
2678.81	-118.427
2681.33	-14.8555
2683.85	-2.47559
2686.36	8.2334
2688.87	-17.2148
2691.38	80.5732
2693.89	111.274
2696.39	221.156
2698.89	268.76
2701.38	226.563
2703.87	253.178
2706.36	337.85
2708.85	312.033
2711.33	328.892
2713.81	397.999
2716.29	526.909
2718.76	585.516
2721.23	641.843
2723.7	540.718
2726.16	536.359
2728.62	555.023
2731.08	527.703
2733.54	443.437
2735.99	476.124
2738.43	433.34
2740.88	417.298
2743.32	352.965
2745.76	250.88
2748.2	291.694
2750.63	388.387
2753.06	269.398
2755.48	309.151
2757.91	245.552
2760.33	261.03
2762.74	421.797
2765.16	337.855
2767.57	285.684
2769.97	218.188
2772.38	272.366
2774.78	229.07
2777.18	185.995
2779.57	143.379
2781.96	133.282
2784.35	112.446
2786.73	-42.252
2789.11	-76.957
2791.49	102.187
2793.87	-11.4971
2796.24	14.4668
2798.61	69.8232
2800.98	122.591
2803.34	138.617
2805.7	37.8359
2808.06	20.5332
2810.41	43.6006
2812.76	76.5703
2815.11	190.317
2817.45	254.76
2819.79	270.208
2822.13	297.647
2824.32	208.479
2826.83	439.187
2829.33	486.405
2831.84	491.742
2834.34	644.941
2836.84	1244.83
2839.33	1688.9
2841.82	2249.58
2844.31	2586.36
2846.8	2745.81
2849.28	3128.63
2851.76	3071.16
2854.24	3182.57
2856.71	3221.53
2859.18	3173.64
2861.65	3702.97
2864.12	3819.73
2866.58	4332.25
2869.04	4993.68
2871.49	5385.79
2873.95	5442.55
2876.4	5689.66
2878.85	5957.61
2881.29	6380.13
2883.73	5852.09
2886.17	5249.34
2888.6	5235.51
2891.04	5080.8
2893.47	4970.27
2895.89	4959.02
2898.32	5143.34
2900.74	5179.47
2903.16	5194.29
2905.57	5501.74
2907.98	5636.14
2910.39	5784.03
2912.8	5904.9
2915.2	6253.07
2917.6	6788.97
2919.99	6993.22
2922.39	7357.97
2924.78	7514.38
2927.17	7808.25
2929.55	8037.95
2931.93	8263.27
2934.31	8308.99
2936.69	8199.75
2939.06	8019.19
2941.43	7543.71
2943.8	7036.02
2946.16	6610.77
2948.52	5972.55
2950.88	5490.59
2953.23	5111.3
2955.58	4910.33
2957.93	4836.57
2960.28	4622.03
2962.62	4512.9
2964.96	4393.44
2967.3	4166.38
2969.63	4043.8
2971.96	3739.7
2974.29	3722.6
2976.62	3479.04
2978.94	3267.12
2981.26	3232.01
2983.57	2918.39
2985.88	2748.71
2988.19	2570.69
2990.5	2354.85
2992.8	2079.79
2995.1	1960.4
2997.4	1838.34
2999.7	1524.2
3001.99	1412.53
3004.28	1062.61
3006.56	1001.3
3008.85	732.242
3011.13	656.881
3013.4	582.031
3015.68	466.829
3017.95	386.24
3020.22	293.353
3022.48	254.808
3024.74	90.4453
3027	103.839
3029.26	8.09473
3031.51	33.1123
3033.76	33.1006
3036.01	95.8105
3038.25	100.464
3040.49	-21.3447
3042.73	11.0078
3044.96	126.184
3047.2	142.816
3049.43	205.562
3051.65	370.386
3053.87	377.112
3056.09	494.478
3058.31	729.058
3060.52	816.097
3062.74	803.697
3064.94	843.855
3067.15	703.798
3069.35	559.657
3071.55	447.276
3073.74	462.266
3075.94	375.795
3078.13	204.052
3080.31	50.1455
3082.5	40.0127
3084.68	24.3135
3086.86	45.3428
3089.03	-33.3057
3091.2	-161.896
3093.37	-149.357
3095.54	-64.5371
3097.7	22.0186
3099.86	-28.3477
3102.02	3.73633
3104.17	21.8965
3106.32	9.14648
3108.47	26.6855
3110.61	-11.834
3112.75	25.998
3114.89	114.511
3116.84	52.0801
3119.15	20.5752
3121.46	-7.03027
3123.76	84.4941
3126.07	172.198
3128.37	192.833
3130.66	24.8896
3132.96	97.374
3135.25	101.279
3137.54	187.674
3139.83	34.6895
3142.11	-59.2949
3144.39	19.0107
3146.67	192.657
3148.95	181.322
3149.19	278.333
