400.424	333.628
404.669	328.277
408.909	308.764
413.143	373.545
417.374	374.709
421.6	385.398
425.822	297.695
430.039	158.223
434.253	101.486
438.461	252.295
442.664	323.35
446.866	284.111
451.06	126.682
455.251	95.6563
459.437	41.9375
463.619	194.361
467.798	207.961
471.97	5.06445
476.139	119.961
480.303	174.561
484.464	398.494
488.619	134.982
492.771	510.953
496.916	507.074
501.057	432.309
505.196	173.816
509.329	384.385
513.458	506.305
517.583	243.268
521.704	443.033
525.82	435.051
529.931	460.872
534.037	449.733
538.14	387.833
542.238	351.403
546.332	348.818
550.422	101.772
554.506	61.4365
558.587	283.689
562.663	173.524
566.734	174.392
570.802	121.017
574.863	189.645
578.922	280.603
582.978	181.851
587.027	337.343
591.073	209.612
595.112	152.727
599.148	-40.8828
603.18	81.0732
607.209	224.111
611.231	137.395
615.25	287.85
619.265	315.692
623.274	429.45
627.279	201.998
631.281	170.036
635.278	323.062
639.27	179.27
643.258	294.668
647.243	115.856
651.222	-123.473
655.195	32.583
659.166	-58.168
663.131	124.561
667.093	75.584
671.051	87.9951
675.001	101.382
678.949	149.263
682.894	155.636
686.835	33.2979
690.769	46.3389
694.7	72.8711
698.626	-112.206
702.548	-52.0313
706.465	45.7256
710.378	-65.9082
714.287	143.097
718.192	35.1914
722.09	155.503
725.986	64.4785
729.879	-100.789
733.766	222.647
737.647	81.8672
741.526	177.537
745.4	158.244
749.268	172.263
753.133	164.912
756.994	109.046
760.851	137.505
764.701	237.149
768.547	125.919
772.389	9.75293
776.23	65.5908
780.063	159.957
783.893	239.021
787.719	79.5479
791.541	-112.808
795.356	-112.331
799.168	24.6611
802.977	65.3672
806.781	-90.8027
810.58	141.05
814.375	84.3232
818.162	351.73
821.95	187.046
825.732	154.739
829.509	279.324
833.282	224.466
837.05	188.965
840.814	70.2129
844.575	73.0869
848.33	32.0576
852.079	122.302
855.825	143.356
859.568	72.9053
863.307	55.6221
867.04	79.8691
870.769	174.635
874.493	167.779
878.214	71.6738
881.93	93.2949
885.642	34.6514
889.35	147.234
893.053	235.742
896.751	292.393
900.445	119.23
904.134	232.621
907.821	69.7188
911.503	403.936
912.036	449.598
915.893	331.209
919.749	139.666
923.602	404.16
927.45	405.217
931.291	325.47
935.131	488.644
938.965	376.955
942.797	295.319
946.624	47.6816
950.447	267.752
954.267	144.021
958.081	163.941
961.891	138.467
965.697	392.439
969.498	-11.6113
973.298	170.128
977.092	113.955
980.881	138.917
984.668	141.361
988.45	309.555
992.226	191.396
996.001	393.026
999.772	861.124
1003.54	818.964
1007.3	491.994
1011.06	20.8311
1014.81	211.391
1018.56	154.547
1022.31	149.022
1026.05	239.314
1029.78	314.404
1033.52	207.896
1037.24	274.087
1040.97	152.377
1044.69	175.17
1048.41	111.045
1052.12	218.664
1055.83	349.383
1059.53	473.991
1063.23	603.002
1066.93	462.811
1070.62	552.811
1074.31	451.809
1077.99	552.399
1081.67	478.608
1085.35	577.938
1089.02	694.159
1092.69	671.578
1096.35	717.09
1100.01	799.831
1103.67	810.623
1107.32	607.977
1110.97	610.43
1114.61	525.343
1118.25	529.657
1121.88	842.533
1125.52	832.849
1129.14	812.187
1132.76	606.021
1136.38	225.659
1140	248.696
1143.61	178.894
1147.22	50.9209
1150.82	-52.0625
1154.42	129.227
1158.01	143.415
1161.6	107.441
1165.19	25.8389
1168.77	270.798
1172.35	164.002
1175.92	164.468
1179.49	129.817
1183.06	183.808
1186.62	-37.1729
1190.18	104.729
1193.73	263.149
1197.28	212.34
1200.83	268.221
1204.37	244.772
1207.91	358.032
1211.44	303.008
1214.97	296.715
1218.49	225.356
1222.01	272.339
1225.53	338.192
1229.04	352.649
1232.55	377.749
1236.06	422.085
1239.56	439.857
1243.06	534.758
1246.55	486.298
1250.04	474.219
1253.52	453.936
1257	533.112
1260.48	363.977
1263.95	518.947
1267.42	385.991
1270.88	483.376
1274.34	515.943
1277.8	447.159
1281.25	560.926
1284.7	581.238
1288.14	644.636
1291.58	971.581
1295.02	1151.31
1298.45	889.189
1301.88	750.038
1305.3	783.973
1308.72	780.976
1312.14	782.689
1315.55	721.827
1318.96	704.104
1322.36	638.443
1325.76	652.515
1329.16	619.456
1332.54	610.233
1335.93	510.526
1339.32	521.92
1342.69	453.161
1346.07	261.938
1349.44	385.563
1352.81	225.552
1356.17	46.1631
1359.53	-20.627
1362.89	13.3027
1364.21	32.2402
1367.74	-101.835
1371.27	38.1035
1374.8	43.7793
1378.32	-8.20508
1381.83	54.7695
1385.34	21.1953
1388.85	122.391
1392.36	68.7832
1395.86	311.749
1399.35	144.95
1402.85	298.127
1406.34	442.317
1409.82	470.17
1413.3	485.193
1416.78	581.746
1420.26	608.629
1423.73	610.155
1427.19	475.616
1430.66	796.371
1434.12	852.672
1437.57	1440.14
1441.02	1384.79
1444.47	1198.12
1447.91	1049.71
1451.36	937.151
1454.79	961.243
1458.23	841.48
1461.65	899.535
1465.08	745.959
1468.5	519.233
1471.92	323.507
1475.33	180.576
1478.74	83.1865
1482.15	86.0498
1485.55	53.8271
1488.95	186.096
1492.34	-28.0303
1495.73	98.0762
1499.12	147.33
1502.5	58.1035
1505.88	90.3984
1509.26	147.441
1512.63	124.351
1516	166.342
1519.36	105.419
1522.72	95.916
1526.08	261.914
1529.43	332.251
1532.78	383.725
1536.13	277.241
1539.47	271.723
1542.81	315.837
1546.14	326.917
1549.47	161.049
1552.79	259.581
1556.12	341.649
1559.44	146.66
1562.75	147.803
1566.06	93.624
1569.37	170.296
1572.68	86.6182
1575.97	71.4141
1579.27	157.811
1582.56	120.714
1585.85	206.477
1589.14	39.1084
1592.42	-47.4326
1595.69	25.5723
1598.97	70.4395
1602.24	183.574
1605.5	246.566
1608.76	208.736
1612.02	234.517
1615.28	246.14
1618.53	394.064
1621.77	360.127
1625.02	431.694
1628.26	456.632
1631.49	455.763
1634.72	531.544
1637.95	585.154
1641.17	620.438
1644.4	797.849
1647.61	787.114
1650.82	889.871
1654.03	1044.36
1657.24	970.972
1660.44	878.331
1663.63	970.061
1666.83	855.94
1670.02	778.184
1673.2	771.939
1676.39	625.773
1679.56	696.838
1682.74	658.715
1685.91	435.117
1689.08	272.761
1692.24	121.339
1695.4	160.826
1698.56	215.449
1701.71	79.5049
1704.86	8.57031
1708	11.21
1711.14	24.8389
1714.28	11.0986
1717.41	-35.7598
1720.54	-9.0166
1723.67	-8.54199
1726.79	-43.8848
1729.91	29.1631
1733.02	32.6348
1736.13	18.7061
1739.24	120.459
1742.34	127.797
1745.44	111.034
1748.53	151.708
1751.62	96.8311
1754.71	106.693
1757.8	111.277
1760.88	128.355
1763.95	182.57
1767.03	175.998
1770.1	128.502
1773.16	151.373
1776.22	84.3916
1778.67	167.305
1781.9	154.101
1785.13	66.7676
1788.36	-143.316
1791.59	-93.6201
1794.81	-131.914
1798.03	-73.7422
1801.24	-39.1406
1804.45	-168.607
1807.66	-213.735
1810.87	-138.233
1814.06	-176.379
1817.26	-106.335
1820.46	-222.95
1823.65	-239.981
1826.83	-119.209
1830.01	-220.388
1833.19	-215.126
1836.37	-405.044
1839.54	-184.159
1842.71	-113.573
1845.87	-223.606
1849.03	-54.7373
1852.19	-186.368
1855.35	-40.0498
1858.5	-169.258
1861.64	-37.1826
1864.79	-63.2207
1867.93	-4.05566
1871.06	-192.078
1874.2	-3.24902
1877.33	32.5586
1880.45	-38.7832
1883.58	-132.776
1886.69	66.4102
1889.81	58.7383
1892.92	-127.136
1896.03	-105.01
1899.13	-276.354
1902.23	-62.0977
1905.33	-66.3721
1908.42	-304.188
1911.51	-323.063
1914.6	-256.768
1917.69	-222.343
1920.76	-125.3
1923.84	-211.716
1926.91	-235.853
1929.98	-253.739
1933.05	-291.795
1936.11	-327.615
1939.17	-309.035
1942.22	-257.67
1945.27	-182.994
1948.32	-280.348
1951.36	-238.656
1954.41	-126.943
1957.44	-291.79
1960.48	-180.227
1963.51	-174.516
1966.53	-183.824
1969.56	-67.082
1972.57	-148.552
1975.59	-112.619
1978.6	-31.9814
1981.61	-71.3438
1984.62	-47.7656
1987.62	236.172
1990.62	0.400391
1993.61	-74.7998
1996.6	-8.63086
1999.59	20.708
2002.57	-226.142
2005.55	-112.472
2008.53	-212.825
2011.5	-178.044
2014.47	-198.042
2017.44	-125.762
2020.4	-158.986
2023.36	-169.13
2026.32	-261.793
2029.27	-176.406
2032.22	-315.65
2035.16	-224.636
2038.1	-217.94
2041.04	-223.159
2043.97	-259.815
2046.9	-279.312
2049.83	-307.337
2052.76	-279.494
2055.68	-279.528
2058.59	-329.246
2061.5	-286.413
2064.41	-271.71
2067.32	-163.607
2070.22	-311.154
2073.12	-289.751
2076.01	-215.958
2078.91	-341.881
2081.79	-253.085
2084.68	-285.917
2087.56	-224.604
2090.44	-262.081
2093.31	-197.701
2096.18	-145.19
2099.05	-205.911
2101.91	-128.213
2104.77	-64.8955
2107.63	-159.718
2110.48	-154.334
2113.33	-44.1387
2116.17	-24.7178
2119.02	-4.2666
2121.85	-103.344
2124.69	-24.8906
2127.52	49.6729
2130.35	-153.484
2133.17	-93.3223
2135.99	-56.3701
2138.81	-188.702
2141.62	-266.759
2144.43	-94.9883
2147.24	-95.5557
2150.04	-142.611
2152.84	-156.277
2155.64	-300.656
2157.47	-401.704
2160.44	-272.529
2163.4	-318.61
2166.37	-185.996
2169.32	-128.266
2172.28	-173.807
2175.24	-310.535
2178.18	-129.738
2181.13	-264.73
2184.07	-212.805
2187.01	-187.42
2189.95	-255.255
2192.88	-185.143
2195.81	-186.13
2198.74	-55.4297
2201.66	-289.771
2204.58	-194.433
2207.5	-162.322
2210.41	-214.599
2213.32	-117.006
2216.23	-202.908
2219.13	-91.1875
2222.03	-82.9893
2224.93	-192.55
2227.82	-212.362
2230.71	-218.683
2233.6	-134.675
2236.48	-111.154
2239.36	-111.437
2242.24	-35.8672
2245.11	-62.2588
2247.98	-49.0742
2250.84	-101.567
2253.71	-44.8271
2256.57	-37.7803
2259.42	-63.6895
2262.28	-119.234
2265.13	-96.0742
2267.98	-43.873
2270.82	-16.0986
2273.66	-106.273
2276.49	-69.3975
2279.33	-112.71
2282.16	-89.7646
2284.98	-219.022
2287.8	-122.579
2290.63	-86.2842
2293.44	-204.824
2296.26	-245.052
2299.07	-233.26
2301.87	-134.44
2304.68	-127.406
2307.48	-210.778
2310.27	-206.415
2313.06	-241.543
2315.85	-183.511
2318.64	-209.26
2321.42	-261.383
2324.2	-179.769
2326.98	-279.188
2329.75	-213.52
2332.52	-307.552
2335.29	-235.594
2338.05	-273.597
2340.81	-210.398
2343.57	-207.342
2346.32	-235.195
2349.07	-211.857
2351.82	-134.081
2354.56	-192.304
2357.3	-216.778
2360.04	-68.2422
2362.77	-260.005
2365.5	-128.77
2368.23	-276.214
2370.95	-175.379
2373.67	-120.104
2376.38	-209.728
2379.1	-293.828
2381.81	-243.162
2384.51	-272.048
2387.22	-147.382
2389.92	-175.569
2392.61	-174.807
2395.3	-155.646
2397.99	-203.325
2400.68	-154.865
2403.36	-177.802
2406.04	-137.941
2408.72	-162.151
2411.39	-171.659
2414.06	-68.3867
2416.73	-87.9941
2419.39	-100.271
2422.05	-301.386
2424.71	-197.841
2427.36	-68.3955
2430.01	-100.389
2432.65	-172.471
2435.3	-70.0352
2437.94	-72.9063
2440.57	-128.377
2443.21	-148.129
2445.84	-94.3076
2448.46	-27.0156
2451.08	-45.2236
2453.7	-19.6436
2456.32	-191.141
2458.93	-256.396
2461.54	-21.9453
2464.15	-150.254
2466.75	23.2061
2469.35	-211.363
2471.95	-154.243
2474.54	-101.013
2477.13	-51.3311
2479.71	-69.2305
2482.3	-58.9297
2484.87	-117.239
2487.45	-194.64
2490.02	-195.475
2492.59	-234.398
2495.16	-261.694
2497.72	-308.865
2500.28	-22.4844
2502.84	-199.275
2505.47	-309.328
2508.2	-160.285
2510.92	-223.997
2513.65	-328.833
2516.37	-267.313
2519.08	-238.745
2521.79	-335.091
2524.5	-164.235
2527.21	-190.691
2529.91	-227.24
2532.61	-201.506
2535.31	-244.625
2538	-162.826
2540.7	-155.424
2543.38	-212.588
2546.07	-97.8164
2548.75	-205.128
2551.43	-262.918
2554.1	-220.073
2556.78	-133.845
2559.44	-180.534
2562.11	-179.48
2564.77	-98.5898
2567.43	-324.469
2570.09	-189.117
2572.74	-219.424
2575.39	-130.16
2578.04	-218.43
2580.68	-136.563
2583.32	-67.4463
2585.96	-70.4502
2588.59	-131.451
2591.22	-178.09
2593.85	-115.629
2596.48	-85.1494
2599.1	30.9141
2601.72	-183.373
2604.33	-127.175
2606.94	-157.026
2609.55	-17.7881
2612.16	-168.631
2614.76	-240.567
2617.36	-90.915
2619.96	-167.521
2622.55	-91.4961
2625.14	-236.468
2627.73	-203.438
2630.31	-215.618
2632.89	-234.501
2635.47	-42.0215
2638.05	-138.753
2640.62	-255.485
2643.19	-102.819
2645.75	-226.022
2648.31	-187.537
2650.87	-226.871
2653.43	-207.406
2655.98	-197.41
2658.53	-177.51
2661.07	-226.521
2663.62	-170.229
2666.16	-148.591
2668.69	-134.637
2671.23	-149.824
2673.76	-63.8887
2676.28	-148.539
2678.81	-11.6934
2681.33	123.116
2683.85	29.8691
2686.36	-16
2688.87	66.5723
2691.38	28.9844
2693.89	93.7061
2696.39	18.3623
2698.89	112.84
2701.38	125.011
2703.87	210.492
2706.36	285.133
2708.85	262.385
2711.33	235.83
2713.81	455.127
2716.29	583.223
2718.76	452.633
2721.23	566.284
2723.7	598.404
2726.16	477.988
2728.62	517.594
2731.08	441.817
2733.54	458.893
2735.99	321.123
2738.43	279.778
2740.88	262.615
2743.32	238.951
2745.76	233.337
2748.2	301.123
2750.63	238.915
2753.06	204.928
2755.48	236.405
2757.91	69.8779
2760.33	203.446
2762.74	169.621
2765.16	91.1689
2767.57	129.403
2769.97	68.8428
2772.38	42.5947
2774.78	80.1865
2777.18	60.8994
2779.57	11.8799
2781.96	6.97949
2784.35	-107.561
2786.73	-113.751
2789.11	-34.7539
2791.49	41.6953
2793.87	179.715
2796.24	83.3799
2798.61	154.438
2800.98	29.7041
2803.34	10.9307
2805.7	51.1465
2808.06	-4.05957
2810.41	12.7041
2812.76	136.769
2815.11	226.612
2817.45	244.443
2819.79	198.586
2822.13	401.317
2824.32	275.296
2826.83	392.944
2829.33	462.403
2831.84	863.483
2834.34	1098.12
2836.84	1823.05
2839.33	2513.23
2841.82	3508.8
2844.31	4268.77
2846.8	4630.4
2849.28	4785.57
2851.76	4267.34
2854.24	3930.9
2856.71	3869.22
2859.18	3789.9
2861.65	3707.89
2864.12	3737.51
2866.58	4027.71
2869.04	4260.62
2871.49	4371.43
2873.95	4753.46
2876.4	5259.17
2878.85	6301.21
2881.29	7187.55
2883.73	6160.71
2886.17	5095.47
2888.6	4557.47
2891.04	4327.27
2893.47	4109.96
2895.89	4158.05
2898.32	4159.2
2900.74	4328.36
2903.16	4245.97
2905.57	4073.31
2907.98	3907.8
2910.39	4135.17
2912.8	4087.34
2915.2	4338.9
2917.6	4519.08
2919.99	4588.13
2922.39	4823.86
2924.78	4959.66
2927.17	5127.52
2929.55	5223.61
2931.93	5378.47
2934.31	5293.63
2936.69	5376.33
2939.06	5138.91
2941.43	4901.51
2943.8	4519.06
2946.16	4139.26
2948.52	3748.1
2950.88	3410.4
2953.23	3248.49
2955.58	3195.69
2957.93	3057.91
2960.28	2773.55
2962.62	2777.12
2964.96	2669.35
2967.3	2493.79
2969.63	2401.03
2971.96	2396.24
2974.29	2336.96
2976.62	2132.43
2978.94	2062.64
2981.26	1942.87
2983.57	1837.41
2985.88	1654.79
2988.19	1604.94
2990.5	1508.09
2992.8	1234.32
2995.1	1139.43
2997.4	1073.56
2999.7	919.107
3001.99	831.638
3004.28	669.107
3006.56	654.898
3008.85	524.347
3011.13	501.688
3013.4	448.34
3015.68	299.539
3017.95	353.896
3020.22	265.666
3022.48	145.789
3024.74	179.095
3027	87.3574
3029.26	79.1807
3031.51	63.9756
3033.76	89.6416
3036.01	72.8281
3038.25	12.9531
3040.49	29.5723
3042.73	28.9512
3044.96	94.9482
3047.2	13.3066
3049.43	105.994
3051.65	225.271
3053.87	198.849
3056.09	200.364
3058.31	255.591
3060.52	190.606
3062.74	260.724
3064.94	322.517
3067.15	313.704
3069.35	120.56
3071.55	28.4746
3073.74	77.0098
3075.94	73.0361
3078.13	92.042
3080.31	-45.8711
3082.5	-7.85547
3084.68	-60.8584
3086.86	4.06738
3089.03	34.3252
3091.2	-41.9678
3093.37	-214.397
3095.54	-32.0469
3097.7	11.1016
3099.86	-17.7676
3102.02	-38.7549
3104.17	36.7236
3106.32	43.0918
3108.47	-8.2793
3110.61	-22.2227
3112.75	38.9863
3114.89	55.2764
3116.84	101.44
3119.15	136.979
3121.46	43.5186
3123.76	70.6094
3126.07	45.0566
3128.37	65.0586
3130.66	-10.498
3132.96	55.4521
3135.25	132.745
3137.54	81.4297
3139.83	91.2109
3142.11	82.1084
3144.39	69
3146.67	36.7275
3148.95	9.87598
3149.19	70.0479
