400.424	161.043
404.669	170.383
408.909	63.0781
413.143	-38.3817
417.374	227.932
421.6	203.322
425.822	193.188
430.039	63.8338
434.253	196.364
438.461	152.467
442.664	121.45
446.866	39.2473
451.06	-102.954
455.251	148.046
459.437	266.546
463.619	205.847
467.798	121.745
471.97	144.347
476.139	225.847
480.303	247.347
484.464	275.245
488.619	236.951
492.771	246.86
496.916	422.405
501.057	330.115
505.196	260.407
509.329	206.845
513.458	211.17
517.583	403.702
521.704	499.561
525.82	490.319
529.931	364.033
534.037	320.952
538.14	228.297
542.238	162.1
546.332	25.8544
550.422	-16.6477
554.506	14.8756
558.587	-80.3015
562.663	-70.0408
566.734	184.041
570.802	72.7346
574.863	126.647
578.922	52.9315
582.978	140.309
587.027	222.899
591.073	44.4814
595.112	122.076
599.148	61.0624
603.18	134.608
607.209	84.3772
611.231	-51.2283
615.25	264.663
619.265	131.382
623.274	198.098
627.279	118.939
631.281	82.9418
635.278	199.057
639.27	233.573
643.258	251.27
647.243	216.229
651.222	251.21
655.195	179.411
659.166	127.454
663.131	230.418
667.093	221.241
671.051	312.849
675.001	295.257
678.949	246.316
682.894	274.05
686.835	212.786
690.769	86.1028
694.7	187.493
698.626	126.912
702.548	-79.7693
706.465	191.247
710.378	198.073
714.287	281.233
718.192	109.525
722.09	408.676
725.986	244.292
729.879	181.164
733.766	141.842
737.647	158.567
741.526	120.403
745.4	184.725
749.268	235.683
753.133	149.774
756.994	216.04
760.851	-0.592529
764.701	34.3842
768.547	-39.1282
772.389	15.2386
776.23	8.00586
780.063	129.183
783.893	78.0627
787.719	-26.9536
791.541	29.6349
795.356	23.431
799.168	122.03
802.977	100.6
806.781	156.068
810.58	277.185
814.375	53.4415
818.162	177.775
821.95	275.299
825.732	209.322
829.509	267.882
833.282	121.338
837.05	148.554
840.814	245.49
844.575	172.251
848.33	126.416
852.079	136.875
855.825	197.049
859.568	174.379
863.307	172.454
867.04	196.301
870.769	186.324
874.493	257.372
878.214	174.854
881.93	260.875
885.642	518.385
889.35	411.176
893.053	309.785
896.751	374.705
900.445	227.114
904.134	276.515
907.821	125.444
911.503	100.079
912.036	96.5945
915.893	199.428
919.749	277.04
923.602	224.989
927.45	335.436
931.291	69.1362
935.131	253.874
938.965	294.012
942.797	188.914
946.624	123.636
950.447	149.626
954.267	213.741
958.081	260.478
961.891	420.563
965.697	357.897
969.498	482.466
973.298	336.236
977.092	345.31
980.881	201.231
984.668	28.0311
988.45	10.2787
992.226	247.788
996.001	447.489
999.772	755.429
1003.54	867.326
1007.3	544.404
1011.06	479.783
1014.81	462.113
1018.56	426.143
1022.31	320.973
1026.05	346.408
1029.78	293.248
1033.52	386.412
1037.24	393.129
1040.97	163.27
1044.69	91.7868
1048.41	250.107
1052.12	230.935
1055.83	537.069
1059.53	1356.61
1063.23	1298.85
1066.93	511.808
1070.62	332.305
1074.31	250.805
1077.99	101.32
1081.67	116.835
1085.35	5.64856
1089.02	5.35132
1092.69	-9.3479
1096.35	-77.0471
1100.01	46.9529
1103.67	308.451
1107.32	222.284
1110.97	80.127
1114.61	59.2838
1118.25	194.042
1121.88	175.115
1125.52	621.272
1129.14	1525.86
1132.76	1544.15
1136.38	715.935
1140	93.022
1143.61	34.9252
1147.22	-12.4496
1150.82	50.9404
1154.42	79.7276
1158.01	302.578
1161.6	234.561
1165.19	427.652
1168.77	844.343
1172.35	678.926
1175.92	243.077
1179.49	196.232
1183.06	67.3339
1186.62	123.556
1190.18	83.6791
1193.73	206.175
1197.28	282.841
1200.83	379.776
1204.37	555.675
1207.91	564.522
1211.44	581.104
1214.97	632.664
1218.49	674.218
1222.01	609.211
1225.53	636.265
1229.04	693.861
1232.55	763.766
1236.06	701.502
1239.56	717.291
1243.06	698.67
1246.55	771.791
1250.04	708.722
1253.52	730.466
1257	776.469
1260.48	745.984
1263.95	766.559
1267.42	842.206
1270.88	673.885
1274.34	687.564
1277.8	631.022
1281.25	662.904
1284.7	700.326
1288.14	914.809
1291.58	2043.11
1295.02	2413.87
1298.45	1510.69
1301.88	857.32
1305.3	702.38
1308.72	610.059
1312.14	515.728
1315.55	503.859
1318.96	524.742
1322.36	479.186
1325.76	476.59
1329.16	428.035
1332.54	416.514
1335.93	520.011
1339.32	362.538
1342.69	323.2
1346.07	314.649
1349.44	259.511
1352.81	260.133
1356.17	219.868
1359.53	134.962
1362.89	142.477
1364.21	166.528
1367.74	89.0483
1371.27	84.6389
1374.8	37.1597
1378.32	58.8833
1381.83	81.9794
1385.34	45.5055
1388.85	9.70154
1392.36	176.272
1395.86	-75.1099
1399.35	78.9601
1402.85	93.1787
1406.34	-8.23157
1409.82	217.09
1413.3	483.422
1416.78	913.344
1420.26	845.996
1423.73	704.87
1427.19	694.105
1430.66	1055.42
1434.12	2027.48
1437.57	3810.22
1441.02	3888.5
1444.47	2450.4
1447.91	1999.7
1451.36	1955.68
1454.79	2106.97
1458.23	2298.28
1461.65	2383.65
1465.08	2130.4
1468.5	1568.82
1471.92	1105.04
1475.33	788.288
1478.74	562.993
1482.15	307.217
1485.55	224.564
1488.95	219.5
1492.34	142.919
1495.73	63.8671
1499.12	-15.3657
1502.5	3.42041
1505.88	-2.28271
1509.26	-7.97595
1512.63	-21.3583
1516	38.9692
1519.36	-39.2223
1522.72	-36.4844
1526.08	-58.2159
1529.43	5.57324
1532.78	-9.78772
1536.13	12.3612
1539.47	7.42102
1542.81	21.8611
1546.14	59.0916
1549.47	117.342
1552.79	79.5938
1556.12	75.0742
1559.44	44.2758
1562.75	70.9879
1566.06	122.21
1569.37	110.582
1572.68	74.9446
1575.97	91.7885
1579.27	79.6812
1582.56	112.254
1585.85	109.255
1589.14	91.2761
1592.42	97.8876
1595.69	122.069
1598.97	124.941
1602.24	244.933
1605.5	308.325
1608.76	254.597
1612.02	231.548
1615.28	246.431
1618.53	217.983
1621.77	181.415
1625.02	234.127
1628.26	279.96
1631.49	305.852
1634.72	329.445
1637.95	356.917
1641.17	398.561
1644.4	461.883
1647.61	525.235
1650.82	601.319
1654.03	595.622
1657.24	598.355
1660.44	598.938
1663.63	668.261
1666.83	626.324
1670.02	685.948
1673.2	616.242
1676.39	580.535
1679.56	501.529
1682.74	432.102
1685.91	380.277
1689.08	317.88
1692.24	341.914
1695.4	242.808
1698.56	156.762
1701.71	144.216
1704.86	130.691
1708	137.415
1711.14	126.78
1714.28	66.9746
1717.41	11.6692
1720.54	87.4638
1723.67	48.8386
1726.79	54.8834
1729.91	92.7278
1733.02	39.6176
1736.13	54.7013
1739.24	4.61493
1742.34	21.1755
1745.44	18.3661
1748.53	-39.3968
1751.62	42.0209
1754.71	41.6578
1757.8	40.5649
1760.88	42.1591
1763.95	20.78
1767.03	2.90369
1770.1	9.11493
1773.16	4.01221
1776.22	-11.5398
1778.67	-87.7593
1781.9	37.383
1785.13	-11.7745
1788.36	-36.672
1791.59	55.8101
1794.81	48.5598
1798.03	16.4992
1801.24	-3.01514
1804.45	54.9109
1807.66	-26.7229
1810.87	-33.2072
1814.06	-70.5378
1817.26	64.6351
1820.46	-46.972
1823.65	57.0876
1826.83	-8.58636
1830.01	-19.4499
1833.19	2.55634
1836.37	-35.5674
1839.54	34.0357
1842.71	-13.7811
1845.87	-9.72119
1849.03	-104.926
1852.19	-65.7964
1855.35	-27.7063
1858.5	4.38403
1861.64	-19.7861
1864.79	-65.5864
1867.93	-31.876
1871.06	-24.7764
1874.2	1.03369
1877.33	-17.1863
1880.45	3.83398
1883.58	-28.2163
1886.69	-88.2163
1889.81	-35.1162
1892.92	-3.74634
1896.03	-76.8665
1899.13	-72.426
1902.23	-102.676
1905.33	-109.936
1908.42	2.56396
1911.51	-60.886
1914.6	-83.5161
1917.69	-165.786
1920.76	-63.866
1923.84	-56.9961
1926.91	-111.386
1929.98	-56.2959
1933.05	-27.166
1936.11	-39.4561
1939.17	-24.446
1942.22	-83.5161
1945.27	-151.426
1948.32	-102.636
1951.36	-11.4561
1954.41	-16.7661
1957.44	-78.4063
1960.48	-22.116
1963.51	-91.0962
1966.53	-44.2261
1969.56	-6.36597
1972.57	-39.8162
1975.59	-85.2661
1978.6	-61.1362
1981.61	10.074
1984.62	-1.81616
1987.62	-61.9063
1990.62	-51.5161
1993.61	-88.9363
1996.6	-101.066
1999.59	-92.5564
2002.57	-97.8462
2005.55	-26.8683
2008.53	0.21759
2011.5	-80.8068
2014.47	-59.3315
2017.44	-96.5261
2020.4	-2.74127
2023.36	-82.387
2026.32	-23.3326
2029.27	-43.2489
2032.22	-30.8656
2035.16	-122.563
2038.1	-110.711
2041.04	-115.748
2043.97	-76.3566
2046.9	-47.4953
2049.83	-51.7932
2052.76	-75.582
2055.68	-27.5514
2058.59	-31.1816
2061.5	-11.882
2064.41	-41.2625
2067.32	-32.7925
2070.22	-88.4142
2073.12	-41.7354
2076.01	-37.3878
2078.91	47.781
2081.79	61.8876
2084.68	12.7654
2087.56	-55.1876
2090.44	-61.2612
2093.31	-71.4651
2096.18	-48.3995
2099.05	-15.6936
2101.91	33.5612
2104.77	49.4659
2107.63	61.4212
2110.48	56.0786
2113.33	26.6865
2116.17	88.25
2119.02	-21.3624
2121.85	65.1466
2124.69	151.14
2127.52	32.8998
2130.35	36.1288
2133.17	28.1245
2135.99	-64.8206
2138.81	5.99457
2141.62	-54.264
2144.43	-136.163
2147.24	-42.7121
2150.04	45.815
2152.84	46.6619
2155.64	33.329
2157.47	22.605
2160.44	5.01215
2163.4	-81.8746
2166.37	-8.52747
2169.32	-64.2388
2172.28	-67.605
2175.24	57.2278
2178.18	144.991
2181.13	153.349
2184.07	139.892
2187.01	130.116
2189.95	-1.51105
2192.88	71.728
2195.81	81.3469
2198.74	-58.5742
2201.66	-9.46973
2204.58	3.08453
2207.5	-15.1606
2210.41	-9.07056
2213.32	-71.9307
2216.23	-102.571
2219.13	22.8948
2222.03	-10.7095
2224.93	-59.4241
2227.82	-24.5634
2230.71	20.3878
2233.6	53.989
2236.48	-16.4144
2239.36	5.65485
2242.24	-11.2325
2245.11	-24.9048
2247.98	-20.4972
2250.84	14.5955
2253.71	-67.7675
2256.57	-20.675
2259.42	-1.18842
2262.28	-13.7256
2265.13	26.6812
2267.98	5.34839
2270.82	-51.7599
2273.66	33.1913
2276.49	22.8082
2279.33	9.34021
2282.16	-68.0539
2284.98	-30.2429
2287.8	-14.6218
2290.63	-105.495
2293.44	-60.9294
2296.26	-24.3585
2299.07	-45.9924
2301.87	-33.6315
2304.68	21.4241
2307.48	-71.0453
2310.27	-17.8503
2313.06	-66.3154
2315.85	-39.4708
2318.64	-16.6779
2321.42	-52.9186
2324.2	-47.5003
2326.98	-5.03113
2329.75	21.0113
2332.52	-22.106
2335.29	27.7372
2338.05	41.3934
2340.81	88.4603
2343.57	-62.5734
2346.32	-11.5832
2349.07	-8.75269
2351.82	39.5178
2354.56	63.9817
2357.3	20.4661
2360.04	13.7903
2362.77	-14.2014
2365.5	-9.82294
2368.23	4.68185
2370.95	65.0953
2373.67	-62.5698
2376.38	-139.385
2379.1	-36.33
2381.81	-8.31467
2384.51	1.85184
2387.22	-30.8525
2389.92	-14.7661
2392.61	38.0926
2395.3	-20.1093
2397.99	-4.0421
2400.68	96.2858
2403.36	69.5359
2406.04	-7.43515
2408.72	-25.5361
2411.39	-46.356
2414.06	-81.6848
2416.73	-5.8943
2419.39	-13.003
2422.05	6.24964
2424.71	-3.08886
2427.36	-53.2814
2430.01	87.7968
2432.65	63.4032
2435.3	-46.0794
2437.94	-88.4227
2440.57	-12.488
2443.21	9.62869
2445.84	39.5634
2448.46	102.278
2451.08	18.9309
2453.7	3.9053
2456.32	7.85849
2458.93	10.0613
2461.54	40.1638
2464.15	37.4169
2466.75	18.2874
2469.35	13.3785
2471.95	57.6701
2474.54	37.1597
2477.13	91.3083
2479.71	94.7567
2482.3	71.2598
2484.87	64.633
2487.45	19.5021
2490.02	-12.325
2492.59	-23.4025
2495.16	-18.0583
2497.72	5.41928
2500.28	14.5663
2502.84	133.534
2505.47	-82.16
2508.2	-61.2797
2510.92	-66.2253
2513.65	-32.5555
2516.37	-90.2518
2519.08	-101.453
2521.79	-61.2137
2524.5	-201.545
2527.21	-106.875
2529.91	-123.382
2532.61	-200.915
2535.31	-80.7498
2538	-17.9421
2540.7	-96.7977
2543.38	-163.068
2546.07	-85.2801
2548.75	-121.8
2551.43	-101.66
2554.1	-126.787
2556.78	-15.5568
2559.44	-67.2401
2562.11	26.5619
2564.77	-19.285
2567.43	-77.0129
2570.09	-45.5323
2572.74	-56.182
2575.39	-57.8019
2578.04	-35.4728
2580.68	81.5151
2583.32	0.611328
2585.96	52.3996
2588.59	42.4635
2591.22	50.0398
2593.85	19.2341
2596.48	85.2797
2599.1	18.5767
2601.72	-21.7504
2604.33	-44.7572
2606.94	104.967
2609.55	59.8198
2612.16	67.9939
2614.76	-28.2324
2617.36	6.22198
2619.96	40.2167
2622.55	-27.4781
2625.14	43.1281
2627.73	-81.2371
2630.31	-96.4209
2632.89	-68.1337
2635.47	-73.1276
2638.05	-67.2215
2640.62	51.6857
2643.19	-40.3666
2645.75	-74.5485
2648.31	-65.5179
2650.87	26.8044
2653.43	57.7165
2655.98	27.2795
2658.53	62.8323
2661.07	-12.9846
2663.62	10.6884
2666.16	-4.88824
2668.69	-45.664
2671.23	44.2795
2673.76	52.553
2676.28	47.647
2678.81	35.4508
2681.33	77.8055
2683.85	68.8496
2686.36	114.145
2688.87	155.169
2691.38	255.275
2693.89	287.12
2696.39	365.115
2698.89	397.971
2701.38	546.987
2703.87	657.303
2706.36	790.859
2708.85	866.895
2711.33	1019.09
2713.81	1212.71
2716.29	1314.36
2718.76	1529.99
2721.23	1598.97
2723.7	1631.69
2726.16	1599.59
2728.62	1416.18
2731.08	1141.95
2733.54	882.647
2735.99	643.775
2738.43	495.284
2740.88	391.782
2743.32	322.741
2745.76	278.98
2748.2	264.769
2750.63	179.298
2753.06	131.457
2755.48	105.117
2757.91	89.9668
2760.33	15.9963
2762.74	77.5767
2765.16	95.5963
2767.57	70.2865
2769.97	50.0178
2772.38	21.6685
2774.78	-24.0813
2777.18	-19.1084
2779.57	-10.0325
2781.96	-12.7148
2784.35	-19.0188
2786.73	-5.25562
2789.11	67.176
2791.49	12.2189
2793.87	10.9904
2796.24	-16.2512
2798.61	28.7855
2800.98	68.1538
2803.34	147.745
2805.7	163.74
2808.06	212.034
2810.41	281.08
2812.76	393.986
2815.11	548.022
2817.45	642.56
2819.79	758.508
2822.13	938.426
2824.32	1203.8
2826.83	1593.3
2829.33	2210.58
2831.84	3133.77
2834.34	4776.35
2836.84	7264.84
2839.33	10604.6
2841.82	14498.8
2844.31	17973
2846.8	19609.1
2849.28	19163.1
2851.76	17465.6
2854.24	15584
2856.71	14206.6
2859.18	13164.9
2861.65	12482.5
2864.12	12034.7
2866.58	11732.4
2869.04	12091.9
2871.49	12790.6
2873.95	14134.4
2876.4	16633.4
2878.85	22040.7
2881.29	27225.6
2883.73	23339.8
2886.17	16566.8
2888.6	12910
2891.04	11405.2
2893.47	10754.8
2895.89	10352.1
2898.32	10083.2
2900.74	9957.3
2903.16	9506.34
2905.57	9088.86
2907.98	8463.05
2910.39	8050.74
2912.8	7670.38
2915.2	7379.62
2917.6	7372.02
2919.99	7239.18
2922.39	7163.33
2924.78	7296.22
2927.17	7215.79
2929.55	7518.25
2931.93	7477.44
2934.31	7234.34
2936.69	6930.91
2939.06	6583.79
2941.43	5899.45
2943.8	5152.86
2946.16	4403.93
2948.52	3762.48
2950.88	3258.54
2953.23	3090.85
2955.58	3014.49
2957.93	2846.19
2960.28	2713.79
2962.62	2632.71
2964.96	2528.77
2967.3	2307.21
2969.63	2182.46
2971.96	2020.87
2974.29	1851.26
2976.62	1702.74
2978.94	1630.13
2981.26	1540.4
2983.57	1468.61
2985.88	1270.8
2988.19	1204.29
2990.5	1090.84
2992.8	1006.14
2995.1	1027.51
2997.4	809.922
2999.7	813.148
3001.99	628.636
3004.28	590.623
3006.56	498.673
3008.85	456.761
3011.13	364.99
3013.4	332.962
3015.68	337.381
3017.95	280.213
3020.22	188.065
3022.48	227.528
3024.74	106.201
3027	154.085
3029.26	64.6984
3031.51	171.594
3033.76	76.6193
3036.01	129.335
3038.25	100.069
3040.49	94.5837
3042.73	111.768
3044.96	64.7189
3047.2	137.533
3049.43	83.5942
3051.65	171.211
3053.87	181.329
3056.09	271.016
3058.31	292.913
3060.52	243.887
3062.74	276.784
3064.94	287.153
3067.15	214.476
3069.35	203.867
3071.55	195.247
3073.74	203.922
3075.94	206.192
3078.13	146.017
3080.31	51.1802
3082.5	118.046
3084.68	79.0482
3086.86	135.571
3089.03	107.529
3091.2	-16.3126
3093.37	118.576
3095.54	24.059
3097.7	-0.135437
3099.86	36.6394
3102.02	71.4044
3104.17	33.3648
3106.32	-8.94519
3108.47	7.38531
3110.61	34.6301
3112.75	67.1863
3114.89	42.0823
3116.84	156.014
3119.15	51.3827
3121.46	61.8114
3123.76	76.8111
3126.07	73.4601
3128.37	125.5
3130.66	117.882
3132.96	87.2614
3135.25	145.333
3137.54	60.8143
3139.83	91.5261
3142.11	97.909
3144.39	-33.8676
3146.67	32.5051
3148.95	149.838
3149.19	256.695
