400.424	216.083
404.669	226.977
408.909	114.818
413.143	-21.7813
417.374	202.247
421.6	231.299
425.822	115.487
430.039	169.907
434.253	265.846
438.461	316.719
442.664	217.019
446.866	24.8271
451.06	86.584
455.251	269.136
459.437	286.299
463.619	187.973
467.798	223.955
471.97	146.86
476.139	58.668
480.303	148.892
484.464	127.822
488.619	144.667
492.771	218.724
496.916	220.729
501.057	373.589
505.196	39.6387
509.329	70.9512
513.458	252.033
517.583	193.29
521.704	227.852
525.82	9.53027
529.931	25.8359
534.037	111.375
538.14	26.4707
542.238	65.1914
546.332	-66.5811
550.422	52.9375
554.506	96.4414
558.587	-23.3584
562.663	4.72949
566.734	-20.1914
570.802	-31.126
574.863	131.529
578.922	291.577
582.978	-63.9775
587.027	178.849
591.073	-0.12793
595.112	-16.3242
599.148	-30.625
603.18	83.5645
607.209	-14.2539
611.231	-97.7188
615.25	157.627
619.265	-19.1299
623.274	59.4082
627.279	56.8408
631.281	72.9736
635.278	258.699
639.27	175.422
643.258	200.641
647.243	168.557
651.222	78.7676
655.195	226.671
659.166	25.875
663.131	32.2725
667.093	77.3672
671.051	187.36
675.001	149.643
678.949	185.726
682.894	250.805
686.835	162.979
690.769	86.751
694.7	14.7188
698.626	65.1816
702.548	-41.25
706.465	67.627
710.378	186.911
714.287	241.403
718.192	-19.7002
722.09	324.711
725.986	319.774
729.879	115.374
733.766	140.903
737.647	225.823
741.526	179.757
745.4	789.079
749.268	817.778
753.133	254.754
756.994	232.009
760.851	23.3691
764.701	95.542
768.547	141.223
772.389	107.608
776.23	142.897
780.063	143.6
783.893	49.7061
787.719	53.2217
791.541	12.4424
795.356	16.7754
799.168	65.9141
802.977	77.8574
806.781	56.6074
810.58	169.269
814.375	-43.7852
818.162	153.271
821.95	265.026
825.732	93.2393
829.509	198.455
833.282	43.626
837.05	56.3584
840.814	232.676
844.575	18.8896
848.33	60.1533
852.079	86.2227
855.825	199.742
859.568	188.83
863.307	102.146
867.04	99.0088
870.769	56.6963
874.493	40.9668
878.214	2.91211
881.93	134.372
885.642	301.547
889.35	103.646
893.053	197.417
896.751	163.511
900.445	182.51
904.134	63.917
907.821	154.03
911.503	88.833
912.036	69.9336
915.893	195.985
919.749	119.731
923.602	227.758
927.45	166.757
931.291	11.4648
935.131	61.9248
938.965	83.3232
942.797	76.7979
946.624	113.821
950.447	77.501
954.267	100.721
958.081	5.20215
961.891	90.4551
965.697	77.0791
969.498	104.27
973.298	7.55176
977.092	236.39
980.881	171.288
984.668	39.1875
988.45	124.973
992.226	86.7432
996.001	42.5127
999.772	414.973
1003.54	419.821
1007.3	274.353
1011.06	170.684
1014.81	141.689
1018.56	103.995
1022.31	187.101
1026.05	98.2822
1029.78	170.738
1033.52	305.819
1037.24	137.149
1040.97	-60.3945
1044.69	51.0361
1048.41	173.985
1052.12	108.061
1055.83	271.437
1059.53	754.292
1063.23	587.647
1066.93	57.2031
1070.62	159.939
1074.31	66.2734
1077.99	-10.0127
1081.67	-37.2969
1085.35	45.7158
1089.02	72.5078
1092.69	220.102
1096.35	99.7764
1100.01	175.649
1103.67	158.621
1107.32	130.974
1110.97	149.827
1114.61	-16.4443
1118.25	113.188
1121.88	103.599
1125.52	356.131
1129.14	980.222
1132.76	817.61
1136.38	261.102
1140	23.4902
1143.61	-55.2402
1147.22	22.5293
1150.82	-27.7207
1154.42	-108.372
1158.01	-16.5449
1161.6	145.014
1165.19	245.382
1168.77	429.769
1172.35	341.996
1175.92	79.7119
1179.49	174.239
1183.06	56.9785
1186.62	37.5527
1190.18	26.8584
1193.73	70.3096
1197.28	64.543
1200.83	323.704
1204.37	338.115
1207.91	290.275
1211.44	316.213
1214.97	341.35
1218.49	226.495
1222.01	156.18
1225.53	296.285
1229.04	335.641
1232.55	375.744
1236.06	319.146
1239.56	259.214
1243.06	242.799
1246.55	358.35
1250.04	327.639
1253.52	350.042
1257	399.565
1260.48	258.799
1263.95	447.566
1267.42	435.803
1270.88	321.793
1274.34	851.443
1277.8	536.863
1281.25	454.127
1284.7	394.602
1288.14	556.719
1291.58	1211.46
1295.02	1403.39
1298.45	954.234
1301.88	617.214
1305.3	613.999
1308.72	587.963
1312.14	503.566
1315.55	509.294
1318.96	506.562
1322.36	509.133
1325.76	483.414
1329.16	385.425
1332.54	439.713
1335.93	567.708
1339.32	269.682
1342.69	203.773
1346.07	131.531
1349.44	188.317
1352.81	216.125
1356.17	32.5186
1359.53	55.0615
1362.89	160.305
1364.21	192.29
1367.74	108.988
1371.27	124.627
1374.8	-12.415
1378.32	33.6699
1381.83	94.8516
1385.34	276.471
1388.85	201.4
1392.36	268.16
1395.86	84.3105
1399.35	226.931
1402.85	316.841
1406.34	276.61
1409.82	418.831
1413.3	537.051
1416.78	876.99
1420.26	625.501
1423.73	686.061
1427.19	635.301
1430.66	882.101
1434.12	1434.14
1437.57	2532.75
1441.02	2374.78
1444.47	1508.5
1447.91	1328.5
1451.36	1212.57
1454.79	1403.63
1458.23	1554.03
1461.65	1332.56
1465.08	1201.24
1468.5	835.24
1471.92	617.961
1475.33	475.08
1478.74	311.931
1482.15	105.216
1485.55	170.382
1488.95	137.678
1492.34	160.44
1495.73	205.354
1499.12	-4.29297
1502.5	44.5469
1505.88	110.598
1509.26	214.138
1512.63	278.967
1516	190.813
1519.36	188.408
1522.72	194.073
1526.08	199.463
1529.43	298.311
1532.78	305.719
1536.13	371.326
1539.47	252.058
1542.81	333.099
1546.14	397.254
1549.47	325.608
1552.79	276.148
1556.12	222.973
1559.44	201.852
1562.75	222.314
1566.06	222.066
1569.37	237.279
1572.68	117.642
1575.97	130.11
1579.27	108.189
1582.56	141.808
1585.85	143.235
1589.14	146.165
1592.42	182.172
1595.69	117.281
1598.97	191.119
1602.24	299.318
1605.5	234.737
1608.76	289.145
1612.02	293.584
1615.28	334.442
1618.53	317.531
1621.77	320.061
1625.02	383.907
1628.26	387.127
1631.49	392.233
1634.72	489.7
1637.95	514.087
1641.17	545.93
1644.4	604.726
1647.61	623.873
1650.82	711.331
1654.03	688.79
1657.24	628.797
1660.44	674.52
1663.63	682.949
1666.83	629.572
1670.02	696.951
1673.2	451.206
1676.39	439.915
1679.56	384.846
1682.74	325.98
1685.91	222.88
1689.08	170.84
1692.24	226.796
1695.4	156.193
1698.56	50.5176
1701.71	19.7295
1704.86	0.616699
1708	82.4902
1711.14	16.3247
1714.28	11.2891
1717.41	60.1094
1720.54	71.0684
1723.67	-35.3916
1726.79	31.4028
1729.91	139.468
1733.02	118.598
1736.13	219.948
1739.24	97.519
1742.34	198.885
1745.44	10.896
1748.53	60.0669
1751.62	35.8477
1754.71	37.7383
1757.8	69.5396
1760.88	95.5957
1763.95	118.29
1767.03	110.096
1770.1	96.1606
1773.16	90.1074
1776.22	124.42
1778.67	-28.4756
1781.9	-9.16162
1785.13	-46.0771
1788.36	-6.75293
1791.59	-108.449
1794.81	0.325684
1798.03	66.8823
1801.24	-57.7852
1804.45	-46.7813
1807.66	0.00195313
1810.87	-129.946
1814.06	-12.5503
1817.26	176.868
1820.46	-65.3027
1823.65	-142.318
1826.83	5.16064
1830.01	-60.9067
1833.19	-111.994
1836.37	-24.8511
1839.54	-66.7739
1842.71	-9.10693
1845.87	93.2056
1849.03	-19.7925
1852.19	43.77
1855.35	-31.1577
1858.5	42.5093
1861.64	48.4844
1864.79	-53.1763
1867.93	74.9893
1871.06	11.8008
1874.2	77.2759
1877.33	110.968
1880.45	173.236
1883.58	-63.5225
1886.69	62.4741
1889.81	24.7251
1892.92	-48.8047
1896.03	-29.4561
1899.13	-136.736
1902.23	-133.787
1905.33	-129.627
1908.42	-28.3184
1911.51	16.8706
1914.6	-115.861
1917.69	-170.869
1920.76	-9.53662
1923.84	-104.195
1926.91	-112.042
1929.98	-128.069
1933.05	-153.386
1936.11	-38.772
1939.17	-2.8291
1942.22	-103.273
1945.27	-62.0962
1948.32	-73.0464
1951.36	35.5781
1954.41	8.8374
1957.44	21.7017
1960.48	54.9893
1963.51	7.56299
1966.53	-52.6758
1969.56	22.9072
1972.57	-5.22363
1975.59	-20.0015
1978.6	104.917
1981.61	143.578
1984.62	126.048
1987.62	78.9746
1990.62	73.0054
1993.61	2.55469
1996.6	-41.9053
1999.59	-10.1045
2002.57	41.0547
2005.55	64.5947
2008.53	27.3608
2011.5	-5.05078
2014.47	26.8994
2017.44	-1.7915
2020.4	-79.4888
2023.36	-59.5474
2026.32	-112.655
2029.27	-98.0513
2032.22	-25.4595
2035.16	-81.3926
2038.1	-84.0674
2041.04	-88.6899
2043.97	-132.651
2046.9	-57.9683
2049.83	20.3838
2052.76	-38.2134
2055.68	37.4468
2058.59	23.8188
2061.5	-31.1533
2064.41	-49.5884
2067.32	-18.5049
2070.22	7.40332
2073.12	19.9712
2076.01	97.8931
2078.91	90.3325
2081.79	-20.8955
2084.68	-43.2847
2087.56	-34.5142
2090.44	25.0981
2093.31	57.959
2096.18	71.6709
2099.05	94.5122
2101.91	55.085
2104.77	12.9673
2107.63	-7.80225
2110.48	18.7515
2113.33	71.5347
2116.17	93.2505
2119.02	61.0039
2121.85	9.01221
2124.69	93.2593
2127.52	25.2583
2130.35	-18.5029
2133.17	-21.1025
2135.99	50.46
2138.81	53.6021
2141.62	36.187
2144.43	-13.4238
2147.24	-46.1558
2150.04	-92.6089
2152.84	-76.5225
2155.64	31.1528
2157.47	88.604
2160.44	-73.376
2163.4	-222.318
2166.37	15.4854
2169.32	-95.5791
2172.28	-27.8901
2175.24	64.5811
2178.18	-9.70801
2181.13	-60.6992
2184.07	-49.8071
2187.01	108.834
2189.95	46.4341
2192.88	45.1899
2195.81	-76.415
2198.74	-18.4692
2201.66	-54.2563
2204.58	-162.395
2207.5	34.8076
2210.41	-6.55371
2213.32	-15.1851
2216.23	-98.6074
2219.13	78.8496
2222.03	-55.0039
2224.93	36.6929
2227.82	-58.3433
2230.71	-16.5474
2233.6	-26.3823
2236.48	-17.2998
2239.36	91.396
2242.24	24.8511
2245.11	-12.0156
2247.98	-36.564
2250.84	77.6665
2253.71	-60.4209
2256.57	127.388
2259.42	15.105
2262.28	12.3145
2265.13	23.5757
2267.98	6.49854
2270.82	47.6191
2273.66	46.418
2276.49	-41.5854
2279.33	23.5752
2282.16	-3.50879
2284.98	42.1157
2287.8	-6.5293
2290.63	31.9268
2293.44	-60.8315
2296.26	-23.7075
2299.07	-23.6162
2301.87	12.4097
2304.68	12.1392
2307.48	-107.304
2310.27	-78.1846
2313.06	-45.2432
2315.85	-178.412
2318.64	-67.7026
2321.42	-39.7505
2324.2	-57.5967
2326.98	43.3662
2329.75	-153.342
2332.52	-113.56
2335.29	65.6543
2338.05	-64.7749
2340.81	15.9365
2343.57	-52.9321
2346.32	-34.8213
2349.07	-77.2402
2351.82	-66.2798
2354.56	-17.5591
2357.3	-35.29
2360.04	44.8008
2362.77	-48.272
2365.5	-22.8447
2368.23	-26.4287
2370.95	107.273
2373.67	-60.6152
2376.38	-35.3384
2379.1	-36.1372
2381.81	-11.1729
2384.51	-4.08887
2387.22	-113.87
2389.92	-108.946
2392.61	30.8535
2395.3	-18.1665
2397.99	-34.1074
2400.68	42.8628
2403.36	3.5791
2406.04	-40.6963
2408.72	-86.4512
2411.39	-58.7305
2414.06	-47.562
2416.73	-169.602
2419.39	-32.2124
2422.05	2.39746
2424.71	-7.80273
2427.36	-54.0225
2430.01	-1.63184
2432.65	41.5181
2435.3	6.29785
2437.94	-18.6587
2440.57	26.4795
2443.21	5.62451
2445.84	1.31396
2448.46	3.38721
2451.08	-22.2295
2453.7	76.5835
2456.32	61.6567
2458.93	141.704
2461.54	-148.808
2464.15	-77.0806
2466.75	-50.8394
2469.35	-40.8169
2471.95	-7.24463
2474.54	40.7402
2477.13	64.5244
2479.71	47.8423
2482.3	-5.67334
2484.87	4.94531
2487.45	19.4912
2490.02	-13.1284
2492.59	-45.4604
2495.16	-66.3516
2497.72	-74.4712
2500.28	79.5303
2502.84	133.162
2505.47	103.8
2508.2	-130.494
2510.92	-193.547
2513.65	-203.361
2516.37	-57.623
2519.08	61.7544
2521.79	4.69141
2524.5	-125.311
2527.21	-65.7236
2529.91	-152.306
2532.61	-132.678
2535.31	19.1914
2538	-13.3799
2540.7	11.8789
2543.38	-163.383
2546.07	-70.2363
2548.75	-81.8389
2551.43	-140.85
2554.1	-197.419
2556.78	45.4185
2559.44	-31.2593
2562.11	85.8906
2564.77	-2.15625
2567.43	-84.1948
2570.09	-49.1421
2572.74	-127.228
2575.39	-31.5137
2578.04	135.811
2580.68	-25.4443
2583.32	85.7119
2585.96	94.8179
2588.59	98.9858
2591.22	106.023
2593.85	87.9834
2596.48	141.483
2599.1	115.733
2601.72	70.9331
2604.33	73.9233
2606.94	21.2837
2609.55	128.054
2612.16	103.304
2614.76	119.093
2617.36	-15.4268
2619.96	106.693
2622.55	32.0938
2625.14	103.634
2627.73	1.67383
2630.31	45.2134
2632.89	-39.1968
2635.47	5.64404
2638.05	-77.0669
2640.62	34.6138
2643.19	35.7739
2645.75	0.441895
2648.31	-89.3843
2650.87	-70.292
2653.43	39.2505
2655.98	54.9077
2658.53	50.7661
2661.07	-29.6421
2663.62	35.5547
2666.16	44.147
2668.69	3.58301
2671.23	39.5957
2673.76	52.1821
2676.28	-6.82715
2678.81	61.0894
2681.33	13.311
2683.85	42.6509
2686.36	27.8525
2688.87	104.012
2691.38	190.133
2693.89	194.403
2696.39	224.856
2698.89	288.271
2701.38	313.837
2703.87	434.544
2706.36	498.669
2708.85	595.196
2711.33	662.976
2713.81	710.685
2716.29	829.174
2718.76	819.187
2721.23	914.129
2723.7	1022.72
2726.16	948.946
2728.62	791.051
2731.08	688.606
2733.54	570.861
2735.99	399.279
2738.43	354.81
2740.88	284.388
2743.32	147.559
2745.76	195.63
2748.2	160.051
2750.63	225.544
2753.06	116.099
2755.48	137.425
2757.91	209.779
2760.33	43.4858
2762.74	256.076
2765.16	125.392
2767.57	121.042
2769.97	67.6543
2772.38	33.4839
2774.78	-0.993652
2777.18	-28.9712
2779.57	-8.48535
2781.96	-2.41992
2784.35	-53.354
2786.73	24.5537
2789.11	55.3579
2791.49	117.141
2793.87	46.4233
2796.24	10.6914
2798.61	49.708
2800.98	93.375
2803.34	24.2056
2805.7	48.2275
2808.06	-7.66797
2810.41	37.6543
2812.76	182.777
2815.11	224.559
2817.45	298.132
2819.79	310.885
2822.13	412.769
2824.32	599.013
2826.83	871.763
2829.33	1158.56
2831.84	1594.65
2834.34	2646.49
2836.84	3975.06
2839.33	5983.71
2841.82	7992.88
2844.31	9806.53
2846.8	10501
2849.28	10208.5
2851.76	9231.34
2854.24	8355.28
2856.71	7685.54
2859.18	7087.79
2861.65	6765.5
2864.12	6622.46
2866.58	6596.26
2869.04	6873.37
2871.49	7245.6
2873.95	7947.95
2876.4	9469.64
2878.85	12606.3
2881.29	14867.4
2883.73	12227.7
2886.17	8823.53
2888.6	6985.12
2891.04	6331.8
2893.47	5898.5
2895.89	5787.08
2898.32	5631.13
2900.74	5631.97
2903.16	5348.3
2905.57	5144.3
2907.98	4899.48
2910.39	4623.75
2912.8	4526.98
2915.2	4193.78
2917.6	4402.35
2919.99	4229.18
2922.39	4331.1
2924.78	4476.95
2927.17	4527.48
2929.55	4721.39
2931.93	4724.13
2934.31	4671.88
2936.69	4473.2
2939.06	4305.42
2941.43	3978.22
2943.8	3464.47
2946.16	3097.26
2948.52	2686.15
2950.88	2278.91
2953.23	2171.16
2955.58	2158.71
2957.93	2066.58
2960.28	1884.87
2962.62	1828.96
2964.96	1735.29
2967.3	1574.01
2969.63	1558.81
2971.96	1411.94
2974.29	1494.69
2976.62	1302.74
2978.94	1237.48
2981.26	1203.54
2983.57	1139.47
2985.88	1011.86
2988.19	948.414
2990.5	924.729
2992.8	794.245
2995.1	697.442
2997.4	604.758
2999.7	645.004
3001.99	528.001
3004.28	471.159
3006.56	373.116
3008.85	380.023
3011.13	248.821
3013.4	290.03
3015.68	239.558
3017.95	120.756
3020.22	94.6055
3022.48	83.1943
3024.74	45.3843
3027	83.0234
3029.26	58.0625
3031.51	12.7729
3033.76	-43.9067
3036.01	-14.4956
3038.25	-31.4346
3040.49	22.9565
3042.73	-68.6924
3044.96	-87.8711
3047.2	15.2202
3049.43	0.0424805
3051.65	66.4141
3053.87	1.99609
3056.09	-10.8555
3058.31	136.713
3060.52	63.2617
3062.74	192.891
3064.94	266.398
3067.15	120.187
3069.35	68.3042
3071.55	94.1729
3073.74	90.2095
3075.94	110.657
3078.13	51.1846
3080.31	-22.2788
3082.5	68.6387
3084.68	6.11475
3086.86	-74.0479
3089.03	29.2485
3091.2	-25.6187
3093.37	49.231
3095.54	-34.5293
3097.7	-36.519
3099.86	44.5215
3102.02	13.021
3104.17	-22.5186
3106.32	4.44092
3108.47	-94.6191
3110.61	-68.4658
3112.75	-29.7739
3114.89	-13.5527
3116.84	67.5225
3119.15	7.93945
3121.46	-41.5234
3123.76	44.7373
3126.07	-24.4355
3128.37	-49.5347
3130.66	7.07129
3132.96	-25.957
3135.25	130.009
3137.54	29.854
3139.83	91.7998
3142.11	66.5103
3144.39	98.5005
3146.67	9.51953
3148.95	-11.6699
3149.19	24.7451
